64
# x y z
9.2680000001565	0	3.0557908876852
11.768000000156	0	3.03777701033
14.268000000156	0	3.0175133591173
16.768000000156	0	2.9937915475937
19.268000000156	0	2.9654031893058
21.768000000156	0	2.9311398978002
24.268000000156	0	2.8899931393679
26.768000000156	0	2.8431174802184
29.268000000156	0	2.792990554534
31.768000000156	0	2.7421090085912
34.268000000156	0	2.6929694886662
36.768000000156	0	2.647705128651
39.268000000156	0	2.6064510179355
41.768000000156	0	2.5686593789388
44.268000000156	0	2.5337818420955
46.768000000156	0	2.5012264788095
49.268000000156	0	2.4701324130634
51.768000000156	0	2.4395362277741
54.268000000156	0	2.4084834834266
56.768000000156	0	2.3767117872595
59.268000000156	0	2.3451216398042
61.768000000156	0	2.314724917831
64.268000000156	0	2.2865334981102
66.768000000156	0	2.261348264095
69.268000000156	0	2.2385469661267
71.768000000156	0	2.2169191674052
74.268000000156	0	2.1952525768507
76.768000000156	0	2.1725576066666
79.268000000156	0	2.1486495239777
81.768000000156	0	2.1235253577079
84.268000000156	0	2.0971821367813
86.768000000156	0	2.0696168901217
89.268000000156	0	2.0408266466533
91.768000000156	0	2.0106911666767
94.268000000156	0	1.978395211132
96.768000000156	0	1.9428684703887
99.268000000156	0	1.9030402457442
101.76800000016	0	1.8578398448374
104.26800000016	0	1.8066839275579
106.76800000016	0	1.7508027547572
109.26800000016	0	1.6918483701299
111.76800000016	0	1.6314728173705
114.26800000016	0	1.5713281401739
116.76800000016	0	1.5130663822345
119.26800000016	0	1.4583395872471
121.76800000016	0	1.4087997989062
124.26800000016	0	1.366078843784
126.76800000016	0	1.3304900169403
129.26800000016	0	1.3002397993738
131.76800000016	0	1.2733458609696
134.26800000016	0	1.2478258716124
136.76800000016	0	1.2216975011873
139.26800000016	0	1.192978419579
141.76800000016	0	1.1599338424204
144.26800000016	0	1.1228040687166
146.76800000016	0	1.0827749877935
149.26800000016	0	1.0410384066657
151.76800000016	0	0.99871528214929
154.26800000016	0	0.95623241748491
156.76800000016	0	0.9136234584875
159.26800000016	0	0.87091756858065
161.76800000016	0	0.82814391118796
164.26800000016	0	0.78533164973301
166.76800000016	0	0.74250994763939
989
# a b m n rhoa u i k
54	63	60	61	1.34118063879252e+00	8.08307000000000e-03	4.97526000000000e-01	8.25518322241284e+01
54	63	59	60	1.40234085563039e+00	5.17229000000000e-03	4.97526000000000e-01	1.34892095481570e+02
54	63	57	58	1.43674111783694e+00	5.30518000000000e-03	4.97526000000000e-01	1.34739266413758e+02
45	54	49	50	1.39593989995829e+00	2.12188000000000e-03	2.39298000000000e-01	1.57429084670301e+02
36	45	41	42	1.49560658854904e+00	9.39638000000000e-04	8.47509000000000e-02	1.34896635114226e+02
36	45	40	41	1.43032468853715e+00	7.70195000000000e-04	8.47509000000000e-02	1.57390407164086e+02
36	45	39	40	1.88301696170992e+00	1.18434000000000e-03	8.47509000000000e-02	1.34747945877182e+02
36	45	43	44	1.53294870567275e+00	4.27673000000000e-03	8.47509000000000e-02	3.03780651244294e+01
36	45	38	39	1.86455820195752e+00	1.91685000000000e-03	8.47509000000000e-02	8.24388896983498e+01
27	36	32	33	1.95706590562645e+00	5.40962000000000e-04	3.72164000000000e-02	1.34639674450620e+02
27	36	31	32	2.29534848162552e+00	5.43380000000000e-04	3.72164000000000e-02	1.57209700819994e+02
27	36	30	31	3.12524201067728e+00	8.63422000000000e-04	3.72164000000000e-02	1.34708470210592e+02
18	27	21	22	7.36088228323054e+00	1.64488000000000e-03	3.01126000000000e-02	1.34754695687228e+02
18	27	20	21	4.62812482858406e+01	1.69002000000000e-02	3.01126000000000e-02	8.24634452333229e+01
9	18	15	16	6.13267295299556e+01	2.81305000000000e-02	3.78194000000000e-02	8.24493028842431e+01
9	18	14	15	1.26078006770522e+01	3.53727000000000e-03	3.78194000000000e-02	1.34798716786027e+02
9	18	12	13	2.02846741759810e+01	5.69146000000000e-03	3.78194000000000e-02	1.34790406421392e+02
9	18	11	12	1.67170498781461e+02	7.66915000000000e-02	3.78194000000000e-02	8.24379228677963e+01
44	53	50	51	1.37053620047682e+00	3.97992000000000e-03	2.39296000000000e-01	8.24046288943752e+01
44	53	49	50	1.39559712392164e+00	2.47855000000000e-03	2.39296000000000e-01	1.34740396347039e+02
44	53	48	49	1.45331627331993e+00	2.20967000000000e-03	2.39296000000000e-01	1.57386745957706e+02
44	53	47	48	1.44576390113559e+00	2.56552000000000e-03	2.39296000000000e-01	1.34852006020667e+02
35	44	40	41	1.58749362608281e+00	1.11997000000000e-03	9.51664000000000e-02	1.34892946612183e+02
35	44	39	40	1.32370179611185e+00	8.00342000000000e-04	9.51664000000000e-02	1.57397630774717e+02
35	44	38	39	2.23528464348076e+00	1.57824000000000e-03	9.51664000000000e-02	1.34785579186529e+02
36	2	9	5	3.84574719587700e+01	2.85487000000000e-02	5.96604000000000e-02	8.03675179622540e+01
56	40	55	53	1.45310666143085e+00	6.28388000000000e-03	1.00390000000000e-01	2.32145390652022e+01
23	32	30	31	9.34880676215160e+01	1.69445000000000e-01	5.50074000000000e-02	3.03492905124599e+01
36	45	42	43	1.50470834227148e+00	1.54445000000000e-03	8.47509000000000e-02	8.25700969568558e+01
36	45	37	38	1.58474400926488e+01	4.42438000000000e-02	8.47509000000000e-02	3.03564524418804e+01
36	2	17	13	7.62065672260703e+00	9.73317000000000e-04	5.96604000000000e-02	4.67115470430933e+02
56	40	45	43	1.50992746359053e+00	1.42277000000000e-03	1.00390000000000e-01	1.06539790739089e+02
6	15	10	11	1.04770519452356e+01	1.82686000000000e-03	2.74079000000000e-02	1.57184454205479e+02
36	2	29	25	2.64480633411127e+00	5.88186000000000e-04	5.96604000000000e-02	2.68265827162857e+02
38	4	31	27	2.54160484670863e+00	4.58569000000000e-04	4.83879000000000e-02	2.68188475806373e+02
38	4	35	31	2.06830096786869e+00	1.24567000000000e-03	4.83879000000000e-02	8.03429001285522e+01
40	6	25	21	3.88651780691653e+00	2.45863000000000e-04	3.52447000000000e-02	5.57136104860964e+02
44	28	35	33	2.70015858347998e+00	8.21882000000000e-04	6.18902000000000e-02	2.03330106710322e+02
7	59	36	42	3.42375443331007e+00	2.92448000000000e-04	6.35275000000000e-02	7.43730713706728e+02
40	6	33	29	2.30915400537100e+00	3.03480000000000e-04	3.52447000000000e-02	2.68173982381373e+02
11	20	12	13	7.48025981194425e+02	8.08247000000000e-01	3.28218000000000e-02	3.03763071803139e+01
21	55	36	40	2.93146774443330e+00	3.99667000000000e-04	7.67570000000000e-02	5.62995367792354e+02
21	55	44	48	1.68037744487102e+00	4.81583000000000e-04	7.67570000000000e-02	2.67826587599573e+02
46	12	19	15	1.15790990846454e+01	7.44345000000000e-03	5.18761000000000e-02	8.06989369210475e+01
23	39	34	36	1.89108234412700e+00	7.17705000000000e-04	4.04452000000000e-02	1.06569138608043e+02
40	24	33	31	2.40884504801499e+00	3.87546000000000e-04	3.97633000000000e-02	2.47154217299971e+02
9	18	16	17	7.17566578195167e+02	8.95854000000000e-01	3.78194000000000e-02	3.02928127210397e+01
48	14	37	33	3.17515042622005e+00	3.16228000000000e-04	4.71372000000000e-02	4.73290476083142e+02
50	16	27	23	3.72647361469361e+00	8.90881000000000e-04	6.43783000000000e-02	2.69288531587081e+02
50	16	35	31	3.49833992427456e+00	4.00483000000000e-04	6.43783000000000e-02	5.62363888471982e+02
50	16	39	35	2.71608084487591e+00	3.68584000000000e-04	6.43783000000000e-02	4.74401133678280e+02
52	18	25	21	5.96418978634993e+00	4.45875000000000e-03	6.01991000000000e-02	8.05245544978880e+01
24	8	23	21	2.37584470037911e+02	4.35684000000000e-01	4.25529000000000e-02	2.32046809042247e+01
21	30	28	29	5.15963233019541e+02	7.34523000000000e-01	4.31489000000000e-02	3.03098009800059e+01
52	18	37	33	3.66183163419693e+00	3.91417000000000e-04	6.01991000000000e-02	5.63181897388678e+02
13	47	20	24	3.03444447866207e+00	4.28123000000000e-04	3.79798000000000e-02	2.69192718939860e+02
60	26	37	33	3.16960322204953e+00	7.11336000000000e-04	6.05008000000000e-02	2.69582209555786e+02
52	18	45	41	1.80467312129446e+00	4.02682000000000e-04	6.01991000000000e-02	2.69790300276936e+02
13	47	28	32	3.91977663934862e+00	2.65336000000000e-04	3.79798000000000e-02	5.61070992278217e+02
60	26	45	41	2.41107353685218e+00	2.61672000000000e-04	6.05008000000000e-02	5.57460782347315e+02
54	20	51	47	1.43665123644221e+00	1.24072000000000e-03	6.93355000000000e-02	8.02847796475745e+01
15	49	34	38	3.16821782339515e+00	3.22057000000000e-04	4.81819000000000e-02	4.73986761179055e+02
56	22	29	25	3.57575537712739e+00	3.22460000000000e-03	7.27829000000000e-02	8.07088773919014e+01
56	22	37	33	3.73080499937041e+00	5.74744000000000e-04	7.27829000000000e-02	4.72451747540952e+02
17	51	20	24	6.09877462791488e+00	4.48954000000000e-03	5.92712000000000e-02	8.05164205522322e+01
56	22	45	41	2.25229005055173e+00	3.48963000000000e-04	7.27829000000000e-02	4.69758116248146e+02
11	45	14	18	1.19713051700039e+01	7.67590000000000e-03	5.17397000000000e-02	8.06930442168935e+01
7	41	10	14	3.35195134052064e+01	1.59785000000000e-02	3.82861000000000e-02	8.03161399494993e+01
33	42	37	38	1.43865405023201e+00	4.42806000000000e-04	4.84475000000000e-02	1.57403450040458e+02
58	24	35	31	3.23825044549044e+00	7.81219000000000e-04	6.50443000000000e-02	2.69616757210992e+02
58	24	47	43	1.99691849462934e+00	2.77688000000000e-04	6.50443000000000e-02	4.67748572643468e+02
58	24	55	51	1.43879876490050e+00	1.16167000000000e-03	6.50443000000000e-02	8.05613113051192e+01
42	8	27	23	3.73522559017298e+00	3.49532000000000e-04	5.22307000000000e-02	5.58156183790463e+02
11	45	38	42	1.50258469365614e+00	9.61505000000000e-04	5.17397000000000e-02	8.08558263080907e+01
62	28	35	31	2.84560639256127e+00	2.66497000000000e-03	7.54534000000000e-02	8.05677652583267e+01
12	21	13	14	8.30283236146131e+02	9.13217000000000e-01	3.33684000000000e-02	3.03380501425385e+01
58	24	43	39	2.74626161670367e+00	3.19029000000000e-04	6.50443000000000e-02	5.59913564206885e+02
19	53	26	30	3.59469377259053e+00	1.14602000000000e-03	8.60303000000000e-02	2.69849203036679e+02
11	45	26	30	3.84182990576850e+00	3.54888000000000e-04	5.17397000000000e-02	5.60106644280704e+02
62	28	43	39	2.68077372380534e+00	4.30832000000000e-04	7.54534000000000e-02	4.69495051648378e+02
23	57	26	30	3.39347731184007e+00	2.77792000000000e-03	6.60533000000000e-02	8.06900036437931e+01
62	28	47	43	2.19492145360824e+00	2.97992000000000e-04	7.54534000000000e-02	5.55767558886425e+02
23	57	30	34	3.11664237511269e+00	7.63299000000000e-04	6.60533000000000e-02	2.69703633564345e+02
23	57	38	42	2.56521099523184e+00	3.01948000000000e-04	6.60533000000000e-02	5.61158383004184e+02
62	28	59	55	1.39124270386044e+00	1.30118000000000e-03	7.54534000000000e-02	8.06759958126185e+01
54	20	31	27	3.51745478685546e+00	9.03581000000000e-04	6.93355000000000e-02	2.69908825411354e+02
26	10	23	21	4.40956203636724e+00	1.65707000000000e-03	4.01308000000000e-02	1.06790450716654e+02
46	55	48	49	1.38094475783574e+00	7.35789000000000e-03	4.40131000000000e-01	8.26047409258633e+01
46	55	53	54	1.47014512681804e+00	2.13436000000000e-02	4.40131000000000e-01	3.03161811883446e+01
64	30	61	57	1.34090135645149e+00	1.56877000000000e-03	9.47603000000000e-02	8.09960764214957e+01
25	59	44	48	1.90263931413425e+00	2.19717000000000e-04	5.39528000000000e-02	4.67204259969063e+02
6	15	8	9	2.99734022848837e+02	9.97577000000000e-02	2.74079000000000e-02	8.23503361127878e+01
50	16	43	39	1.98607693827642e+00	4.71961000000000e-04	6.43783000000000e-02	2.70912759646328e+02
54	2	19	13	8.38838748729900e+00	2.52119000000000e-03	1.29295000000000e-01	4.30184381252632e+02
44	10	21	17	5.47357475889400e+00	1.75928000000000e-03	8.66494000000000e-02	2.69588677591577e+02
54	2	25	19	5.60729170542517e+00	9.85381000000000e-04	1.29295000000000e-01	7.35750720840921e+02
10	19	12	13	1.03033190196217e+02	6.25494000000000e-02	5.00833000000000e-02	8.24986678458017e+01
54	2	31	25	5.10333108451878e+00	7.55449000000000e-04	1.29295000000000e-01	8.73434464236310e+02
25	41	36	38	1.77175749619517e+00	5.73158000000000e-04	3.45334000000000e-02	1.06750338159995e+02
18	2	9	7	1.17498149672101e+01	2.46343000000000e-03	4.25510000000000e-02	2.02955381995737e+02
31	40	37	38	1.29788270911806e+00	7.82707000000000e-04	4.97209000000000e-02	8.24470668996038e+01
54	2	43	37	2.36103498336286e+00	7.00558000000000e-04	1.29295000000000e-01	4.35752668835273e+02
45	54	51	52	1.44313188275789e+00	4.18947000000000e-03	2.39298000000000e-01	8.24301339501649e+01
45	54	46	47	1.46806393319351e+00	1.15873000000000e-02	2.39298000000000e-01	3.03180864468289e+01
40	49	46	47	1.32049697624330e+00	1.52469000000000e-03	9.52266000000000e-02	8.24734453285130e+01
42	8	31	27	3.18119279650991e+00	3.53980000000000e-04	5.22307000000000e-02	4.69393543693627e+02
50	34	49	47	1.51430771350558e+00	5.56940000000000e-03	8.54935000000000e-02	2.32454961943098e+01
28	37	31	32	2.99498622680537e+00	1.06524000000000e-03	4.79027000000000e-02	1.34681317568613e+02
60	8	31	25	5.17642990037406e+00	8.82325000000000e-04	1.26397000000000e-01	7.41546720446071e+02
9	43	20	24	3.07225306992448e+00	5.57405000000000e-04	8.52542000000000e-02	4.69896175445063e+02
1	35	20	24	2.38033983860046e+00	2.29789000000000e-04	4.51842000000000e-02	4.68054394837398e+02
40	49	41	42	2.97967807595774e+01	9.36073000000000e-02	9.52266000000000e-02	3.03122312328203e+01
60	8	49	43	1.99634422613096e+00	5.85385000000000e-04	1.26397000000000e-01	4.31052932942039e+02
58	6	17	11	8.60860178236254e+00	3.31878000000000e-03	5.38072000000000e-02	1.39570793431302e+02
31	40	38	39	3.28706674193997e+01	5.38586000000000e-02	4.97209000000000e-02	3.03453704272527e+01
22	6	9	7	8.69947668801124e+02	1.17102000000000e+00	3.12113000000000e-02	2.31867924333081e+01
23	57	42	46	2.07571779417582e+00	2.92561000000000e-04	6.60533000000000e-02	4.68647598873512e+02
62	10	27	21	4.57788013650637e+00	1.20850000000000e-03	1.14548000000000e-01	4.33915609331015e+02
64	12	35	29	4.84334274871257e+00	3.64277000000000e-04	5.59300000000000e-02	7.43632345537858e+02
5	21	8	10	3.66040613859013e+01	1.32263000000000e-02	3.84493000000000e-02	1.06409240486374e+02
62	10	39	33	4.30792552533265e+00	5.60587000000000e-04	1.14548000000000e-01	8.80263461471288e+02
32	16	23	21	3.68289660281388e+00	9.78850000000000e-04	5.39804000000000e-02	2.03099792387531e+02
5	21	12	14	6.09185663495228e+00	9.49321000000000e-04	3.84493000000000e-02	2.46731741227963e+02
64	12	23	17	5.26989112886159e+00	2.09924000000000e-03	5.59300000000000e-02	1.40405580513533e+02
64	12	29	23	4.37297095265730e+00	5.63047000000000e-04	5.59300000000000e-02	4.34386943509375e+02
58	6	53	47	1.54480260901170e+00	5.94887000000000e-04	5.38072000000000e-02	1.39726541248362e+02
64	12	41	35	3.83012967825856e+00	2.43319000000000e-04	5.59300000000000e-02	8.80404542616898e+02
4	13	10	11	9.68225423540683e+01	3.65448000000000e-02	3.11401000000000e-02	8.25032193680065e+01
19	35	32	34	4.01478002202193e+01	8.96963000000000e-02	5.19523000000000e-02	2.32536967676582e+01
8	17	12	13	7.10022138722186e+00	1.84969000000000e-03	4.09783000000000e-02	1.57299332359473e+02
47	63	60	62	1.47593778297815e+00	8.78503000000000e-03	1.38175000000000e-01	2.32142295658645e+01
29	38	34	35	1.84457921183304e+00	6.57349000000000e-04	4.79628000000000e-02	1.34587842715674e+02
47	63	56	58	1.56493442748044e+00	1.06099000000000e-03	1.38175000000000e-01	2.03804762077975e+02
29	38	32	33	1.89927423809409e+00	6.76482000000000e-04	4.79628000000000e-02	1.34659178554432e+02
21	30	27	28	1.76039345756063e+01	9.21035000000000e-03	4.31489000000000e-02	8.24713949642934e+01
50	16	31	27	3.89588613586218e+00	5.31527000000000e-04	6.43783000000000e-02	4.71867894613775e+02
4	13	6	7	1.98166321304114e+02	7.48697000000000e-02	3.11401000000000e-02	8.24221155159194e+01
7	16	9	10	3.91900573893656e+02	1.56493000000000e-01	3.28867000000000e-02	8.23571444311791e+01
45	61	58	60	1.48043906414200e+00	1.52568000000000e-02	2.39347000000000e-01	2.32249651752134e+01
58	6	47	41	2.10658465351015e+00	2.62380000000000e-04	5.38072000000000e-02	4.32004808934946e+02
34	18	27	25	2.91345530285553e+00	4.32641000000000e-04	3.67411000000000e-02	2.47418882232025e+02
45	61	56	58	1.42068253083733e+00	3.18151000000000e-03	2.39347000000000e-01	1.06878841087510e+02
3	55	44	50	1.55040736648339e+00	3.98224000000000e-04	3.58301000000000e-02	1.39497496338334e+02
51	60	57	58	1.39182123824224e+00	8.40140000000000e-03	4.97743000000000e-01	8.24587900333761e+01
3	37	10	14	8.51607919443810e+00	8.92563000000000e-04	2.79809000000000e-02	2.66970018174239e+02
51	60	55	56	1.36246189910991e+00	4.30942000000000e-03	4.97743000000000e-01	1.57365926980583e+02
58	24	51	47	1.77070762462410e+00	4.30136000000000e-04	6.50443000000000e-02	2.67762842329722e+02
62	10	45	39	3.07744474619291e+00	4.76170000000000e-04	1.14548000000000e-01	7.40313629138554e+02
19	53	34	38	3.61792405102264e+00	5.52428000000000e-04	8.60303000000000e-02	5.63423815387151e+02
45	61	50	52	1.57002559282568e+00	1.84083000000000e-03	2.39347000000000e-01	2.04136675068337e+02
3	55	38	44	2.35633974449972e+00	1.94154000000000e-04	3.58301000000000e-02	4.34850112175899e+02
45	61	46	48	1.48509733572900e+00	1.53175000000000e-02	2.39347000000000e-01	2.32057184275978e+01
43	59	56	58	1.48122106100373e+00	2.74113000000000e-02	4.29206000000000e-01	2.31929520566032e+01
4	13	8	9	2.26955180816250e+01	4.49238000000000e-03	3.11401000000000e-02	1.57319884474067e+02
60	44	55	53	1.53744238379842e+00	1.80423000000000e-03	2.39313000000000e-01	2.03926300523743e+02
43	59	50	52	1.64643564772467e+00	2.84864000000000e-03	4.29206000000000e-01	2.48069274677501e+02
50	16	47	43	1.39145298836543e+00	1.11065000000000e-03	6.43783000000000e-02	8.06549119172431e+01
47	63	54	56	1.44798048255356e+00	8.05331000000000e-04	1.38175000000000e-01	2.48437851239848e+02
24	8	15	13	6.91785810962060e+00	1.44865000000000e-03	4.25529000000000e-02	2.03206381357039e+02
21	30	25	26	2.33650640569752e+00	6.40549000000000e-04	4.31489000000000e-02	1.57392613599899e+02
52	36	47	45	1.52820921608785e+00	7.84668000000000e-04	1.04081000000000e-01	2.02706805196133e+02
24	8	13	11	2.57946976394390e+01	1.02957000000000e-02	4.25529000000000e-02	1.06611419250880e+02
11	27	20	22	3.17739710768437e+00	4.48013000000000e-04	2.86879000000000e-02	2.03460280138162e+02
21	30	23	24	3.19312895238774e+01	1.67047000000000e-02	4.31489000000000e-02	8.24797822491176e+01
52	36	45	43	1.67556443618868e+00	7.06446000000000e-04	1.04081000000000e-01	2.46861645593512e+02
64	48	63	61	1.34510083581527e+00	7.58175000000000e-03	1.31507000000000e-01	2.33310483220311e+01
14	23	20	21	3.10238619552873e+01	1.32897000000000e-02	3.53603000000000e-02	8.25461120941439e+01
50	16	23	19	7.52843416228360e+00	6.01715000000000e-03	6.43783000000000e-02	8.05477332341295e+01
51	60	53	54	1.42354692859078e+00	8.59114000000000e-03	4.97743000000000e-01	8.24757271884246e+01
41	57	50	52	1.44408036772151e+00	6.62271000000000e-04	9.31960000000000e-02	2.03213660193748e+02
5	39	24	28	4.06903264559837e+00	3.84713000000000e-04	4.42800000000000e-02	4.68340725546306e+02
28	37	33	34	2.59562214068617e+00	9.23636000000000e-04	4.79027000000000e-02	1.34617217950196e+02
62	28	51	47	2.12921047400462e+00	3.43073000000000e-04	7.54534000000000e-02	4.68285669753260e+02
41	57	48	50	1.43232911409095e+00	5.40047000000000e-04	9.31960000000000e-02	2.47177271824157e+02
17	33	18	20	5.51740083704454e+02	9.02078000000000e-01	3.79031000000000e-02	2.31827619858353e+01
48	14	45	41	1.42927820269270e+00	8.33067000000000e-04	4.71372000000000e-02	8.08724538314043e+01
41	57	46	48	1.46188200524300e+00	6.71550000000000e-04	9.31960000000000e-02	2.02876264404179e+02
11	63	28	34	4.43095193520624e+00	3.52410000000000e-04	5.91114000000000e-02	7.43224574282086e+02
46	12	43	39	1.49136827933327e+00	9.56376000000000e-04	5.18761000000000e-02	8.08953486866259e+01
58	42	45	43	3.61565507715520e+00	1.43541000000000e-02	9.20261000000000e-02	2.31804596384163e+01
32	16	27	25	2.65134110708230e+00	7.04546000000000e-04	5.39804000000000e-02	2.03138550920374e+02
48	14	25	21	3.87574989451488e+00	6.78878000000000e-04	4.71372000000000e-02	2.69108732243093e+02
58	6	29	23	5.29683415177359e+00	3.85444000000000e-04	5.38072000000000e-02	7.39427295719513e+02
47	63	50	52	1.43020286323953e+00	1.84490000000000e-03	1.38175000000000e-01	1.07115984946676e+02
39	55	48	50	1.44756485291580e+00	7.27212000000000e-04	1.01802000000000e-01	2.02643791846853e+02
39	55	46	48	1.51527660666444e+00	6.25836000000000e-04	1.01802000000000e-01	2.46483406374278e+02
48	32	45	43	1.40848461198231e+00	1.21007000000000e-03	9.19109000000000e-02	1.06981487288706e+02
52	36	43	41	1.83355949055415e+00	9.41005000000000e-04	1.04081000000000e-01	2.02803072604680e+02
38	4	23	19	4.49219304436834e+00	3.90231000000000e-04	4.83879000000000e-02	5.57023372852467e+02
39	55	42	44	1.61615383945564e+00	1.54468000000000e-03	1.01802000000000e-01	1.06512477124235e+02
40	6	17	13	7.87724494022121e+00	1.03517000000000e-03	3.52447000000000e-02	2.68198590322956e+02
9	25	16	18	4.73128630921438e+00	6.60378000000000e-04	3.46034000000000e-02	2.47916485213422e+02
39	55	40	42	2.40889236704959e+01	1.05739000000000e-01	1.01802000000000e-01	2.31920162617750e+01
35	51	48	50	1.48420160614029e+00	7.89261000000000e-03	1.23375000000000e-01	2.32006108445189e+01
43	59	44	46	1.80897753187778e+00	3.34278000000000e-02	4.29206000000000e-01	2.32268952951476e+01
17	26	19	20	7.08044248729429e+01	2.68925000000000e-02	3.13238000000000e-02	8.24714564966101e+01
17	26	24	25	4.48870833714465e+02	4.64213000000000e-01	3.13238000000000e-02	3.02885533604297e+01
41	50	45	46	1.54004356804890e+00	8.91105000000000e-04	9.10540000000000e-02	1.57363191818164e+02
31	47	40	42	1.68264599731525e+00	4.68472000000000e-04	5.67815000000000e-02	2.03946369679630e+02
41	50	43	44	1.66119158393758e+00	1.83429000000000e-03	9.10540000000000e-02	8.24614093103341e+01
33	49	46	48	1.47126975355829e+00	5.88665000000000e-03	9.27704000000000e-02	2.31864105298437e+01
50	34	45	43	1.56563469036329e+00	6.58235000000000e-04	8.54935000000000e-02	2.03349243660051e+02
50	34	43	41	1.82015180951727e+00	6.28671000000000e-04	8.54935000000000e-02	2.47523981107709e+02
37	53	38	40	1.28499581372775e+01	6.88112000000000e-02	1.24162000000000e-01	2.31862909270678e+01
33	49	40	42	1.74505421971406e+00	6.53214000000000e-04	9.27704000000000e-02	2.47835132107642e+02
37	53	44	46	1.61172567505995e+00	8.11549000000000e-04	1.24162000000000e-01	2.46584104307681e+02
1	53	30	36	3.79321621191455e+00	3.50317000000000e-04	6.85673000000000e-02	7.42443541041994e+02
7	23	18	20	5.58509115036789e+00	1.71022000000000e-03	3.27266000000000e-02	1.06875749343143e+02
35	51	42	44	1.66542641689720e+00	8.31237000000000e-04	1.23375000000000e-01	2.47188207676862e+02
50	34	37	35	4.05539112452763e+01	1.49017000000000e-01	8.54935000000000e-02	2.32664448421860e+01
42	26	37	35	2.10959694356482e+00	3.84924000000000e-04	3.70997000000000e-02	2.03326926165092e+02
37	53	42	44	1.71097099394914e+00	1.04827000000000e-03	1.24162000000000e-01	2.02655404190440e+02
7	23	16	18	4.22187169314438e+00	6.79263000000000e-04	3.27266000000000e-02	2.03407967389448e+02
11	20	13	14	9.70348162988602e+01	3.85908000000000e-02	3.28218000000000e-02	8.25289274541583e+01
42	26	35	33	2.61035669378026e+00	3.91566000000000e-04	3.70997000000000e-02	2.47323440319740e+02
42	26	33	31	2.51294550877416e+00	4.58924000000000e-04	3.70997000000000e-02	2.03148069161492e+02
39	55	44	46	1.57920773882313e+00	7.93607000000000e-04	1.01802000000000e-01	2.02576976044405e+02
9	25	18	20	3.96806236575395e+00	6.74101000000000e-04	3.46034000000000e-02	2.03691211357245e+02
19	35	20	22	4.03831654151145e+02	9.03826000000000e-01	5.19523000000000e-02	2.32124139446713e+01
48	32	43	41	1.62146657791853e+00	7.31129000000000e-04	9.19109000000000e-02	2.03836056969991e+02
56	22	41	37	2.77730389824841e+00	3.59532000000000e-04	7.27829000000000e-02	5.62231545163780e+02
35	51	38	40	2.04225924329215e+00	2.36229000000000e-03	1.23375000000000e-01	1.06660796998323e+02
58	6	35	29	4.49656346024657e+00	2.75837000000000e-04	5.38072000000000e-02	8.77139359180166e+02
60	26	41	37	2.73649036145978e+00	3.51359000000000e-04	6.05008000000000e-02	4.71198563465304e+02
31	47	38	40	1.81936238666868e+00	4.16126000000000e-04	5.67815000000000e-02	2.48256838934909e+02
9	25	22	24	2.94833652776513e+02	4.38899000000000e-01	3.46034000000000e-02	2.32450901471336e+01
48	32	37	35	2.48795061021728e+00	2.14009000000000e-03	9.19109000000000e-02	1.06850543547523e+02
60	8	43	37	3.14757352331946e+00	5.35589000000000e-04	1.26397000000000e-01	7.42815574306064e+02
31	47	36	38	2.35337649916636e+00	6.55959000000000e-04	5.67815000000000e-02	2.03714329230050e+02
48	32	35	33	5.80549164481150e+01	2.29865000000000e-01	9.19109000000000e-02	2.32131016908666e+01
5	57	46	52	1.58265057014386e+00	8.74335000000000e-04	7.70943000000000e-02	1.39549872588701e+02
1	35	4	8	4.73654334217865e+01	2.66324000000000e-02	4.51842000000000e-02	8.03596077265544e+01
31	47	34	36	2.45736998279165e+00	1.30619000000000e-03	5.67815000000000e-02	1.06824545952644e+02
3	55	20	26	5.50233332184350e+00	2.67719000000000e-04	3.58301000000000e-02	7.36403292836835e+02
31	47	32	34	7.04183959408752e+01	1.72236000000000e-01	5.67815000000000e-02	2.32150197932883e+01
29	45	36	38	2.18587280142169e+00	5.27876000000000e-04	5.99184000000000e-02	2.48115089272301e+02
38	22	35	33	2.20212263934501e+00	1.00139000000000e-03	4.84485000000000e-02	1.06541446082252e+02
29	45	34	36	2.36653512217510e+00	6.96849000000000e-04	5.99184000000000e-02	2.03485974815973e+02
29	45	32	34	2.35949594147003e+00	1.32443000000000e-03	5.99184000000000e-02	1.06745710697717e+02
64	48	59	57	1.46635010757607e+00	9.44683000000000e-04	1.31507000000000e-01	2.04126996671907e+02
27	43	36	38	2.00130565201999e+00	5.09508000000000e-04	5.18328000000000e-02	2.03594988891287e+02
25	41	38	40	2.23003486831142e+01	3.31856000000000e-02	3.45334000000000e-02	2.32060550724850e+01
25	41	30	32	2.72826244852889e+00	4.63750000000000e-04	3.45334000000000e-02	2.03161570760167e+02
25	41	26	28	3.41679417181732e+02	5.08863000000000e-01	3.45334000000000e-02	2.31876791696461e+01
23	39	36	38	2.18223911471612e+01	3.80606000000000e-02	4.04452000000000e-02	2.31896232435948e+01
40	24	35	33	2.38631787263057e+00	4.67597000000000e-04	3.97633000000000e-02	2.02926608735238e+02
62	10	21	15	6.46845022968478e+00	5.27616000000000e-03	1.14548000000000e-01	1.40433200833548e+02
27	43	28	30	2.78891882935296e+02	6.23520000000000e-01	5.18328000000000e-02	2.31840954416997e+01
9	18	13	14	6.74776780750566e+00	1.62167000000000e-03	3.78194000000000e-02	1.57366498621285e+02
48	14	29	25	3.84711655333618e+00	3.84714000000000e-04	4.71372000000000e-02	4.71369127190375e+02
23	39	30	32	2.63273981422643e+00	4.30703000000000e-04	4.04452000000000e-02	2.47227644883715e+02
60	8	37	31	4.45327680204217e+00	6.40385000000000e-04	1.26397000000000e-01	8.78972536751679e+02
39	48	44	45	1.39956135638609e+00	6.07481000000000e-04	5.85671000000000e-02	1.34931380430992e+02
27	43	34	36	2.39236813381611e+00	5.00887000000000e-04	5.18328000000000e-02	2.47567093988192e+02
19	53	30	34	3.42173471098516e+00	6.23395000000000e-04	8.60303000000000e-02	4.72209215194967e+02
11	45	30	34	2.90886504441897e+00	3.19603000000000e-04	5.17397000000000e-02	4.70908610803792e+02
60	26	53	49	1.68801423602733e+00	3.80119000000000e-04	6.05008000000000e-02	2.68669052825674e+02
60	26	49	45	2.07341837153391e+00	2.68551000000000e-04	6.05008000000000e-02	4.67112281140264e+02
5	57	40	46	2.25078959250182e+00	4.00866000000000e-04	7.70943000000000e-02	4.32870455666514e+02
3	55	8	14	1.17031792964016e+01	3.01372000000000e-03	3.58301000000000e-02	1.39139032328152e+02
17	51	40	44	1.89671252747123e+00	4.15716000000000e-04	5.92712000000000e-02	2.70426030170243e+02
17	51	24	28	5.01550682797925e+00	1.10307000000000e-03	5.92712000000000e-02	2.69497954166575e+02
37	53	46	48	1.50209510844149e+00	9.20920000000000e-04	1.24162000000000e-01	2.02518278302471e+02
19	28	22	23	6.45056000122172e+00	1.95600000000000e-03	4.08553000000000e-02	1.34733928434516e+02
11	20	17	18	4.53019947890230e+01	1.80233000000000e-02	3.28218000000000e-02	8.24983777979812e+01
3	55	26	32	6.61498496756760e+00	2.71055000000000e-04	3.58301000000000e-02	8.74418744854158e+02
1	17	14	16	4.08114906459795e+02	5.73221000000000e-01	3.26123000000000e-02	2.32189081766697e+01
60	26	57	53	1.38956054472928e+00	1.04247000000000e-03	6.05008000000000e-02	8.06445505429959e+01
13	47	40	44	1.49136742515509e+00	7.00074000000000e-04	3.79798000000000e-02	8.09083561650703e+01
15	49	22	26	3.78574730071772e+00	6.77723000000000e-04	4.81819000000000e-02	2.69143142358237e+02
42	51	45	46	1.44526577576592e+00	9.76379000000000e-04	9.10514000000000e-02	1.34777040734769e+02
46	12	31	27	3.57776392729457e+00	3.31067000000000e-04	5.18761000000000e-02	5.60612925083822e+02
25	41	28	30	3.27728109379518e+00	1.06023000000000e-03	3.45334000000000e-02	1.06746327612373e+02
13	47	32	36	2.68874827531730e+00	2.16139000000000e-04	3.79798000000000e-02	4.72465042157574e+02
27	61	30	34	2.83514736395604e+00	1.94339000000000e-03	5.52235000000000e-02	8.05637367967451e+01
46	12	23	19	4.48376519887479e+00	8.63538000000000e-04	5.18761000000000e-02	2.69357285763161e+02
21	37	24	26	6.54054602795202e+00	2.91589000000000e-03	4.76239000000000e-02	1.06823751918140e+02
13	47	16	20	1.02691397541952e+01	4.83356000000000e-03	3.79798000000000e-02	8.06899829600504e+01
5	39	8	12	2.96748259157883e+01	1.63881000000000e-02	4.42800000000000e-02	8.01802095148983e+01
60	26	33	29	2.80918241003799e+00	2.10929000000000e-03	6.05008000000000e-02	8.05758255873902e+01
58	42	47	45	1.48066827312221e+00	1.27751000000000e-03	9.20261000000000e-02	1.06660712299060e+02
9	43	28	32	3.29964187489495e+00	5.98771000000000e-04	8.52542000000000e-02	4.69809540426422e+02
1	35	28	32	2.36217320121603e+00	1.32678000000000e-03	4.51842000000000e-02	8.04450672744430e+01
1	10	4	5	5.42632582461883e+01	1.76344000000000e-02	4.37513000000000e-02	1.34628231780296e+02
11	45	22	26	3.92625023104190e+00	4.32000000000000e-04	5.17397000000000e-02	4.70238446942219e+02
62	10	33	27	4.91506155010956e+00	7.57922000000000e-04	1.14548000000000e-01	7.42834315987594e+02
19	53	22	26	5.22630784283694e+00	5.58058000000000e-03	8.60303000000000e-02	8.05688354277897e+01
27	61	50	54	1.69500746336249e+00	3.47742000000000e-04	5.52235000000000e-02	2.69177276984081e+02
38	4	11	7	2.98890072854283e+01	1.80317000000000e-02	4.83879000000000e-02	8.02068743172622e+01
11	20	15	16	5.36620756364131e+00	1.11856000000000e-03	3.28218000000000e-02	1.57460119629097e+02
1	35	8	12	9.93937697134301e+00	1.68211000000000e-03	4.51842000000000e-02	2.66987769496975e+02
22	31	27	28	3.26207802318031e+00	1.01493000000000e-03	4.19477000000000e-02	1.34823751680373e+02
48	14	33	29	3.40474943036191e+00	2.85822000000000e-04	4.71372000000000e-02	5.61504554753851e+02
27	36	34	35	6.39891136744223e+01	7.86878000000000e-02	3.72164000000000e-02	3.02644685726729e+01
27	36	29	30	1.43080503807406e+01	6.45965000000000e-03	3.72164000000000e-02	8.24338975315680e+01
32	41	34	35	4.73284880628266e+00	4.08817000000000e-03	7.12126000000000e-02	8.24423810414646e+01
52	18	29	25	3.59778712508833e+00	8.03044000000000e-04	6.01991000000000e-02	2.69703212927193e+02
9	43	24	28	5.39991897916683e+00	8.23767000000000e-04	8.52542000000000e-02	5.58854351574759e+02
5	14	9	10	1.41865725847019e+01	3.42358000000000e-03	3.79457000000000e-02	1.57238746378739e+02
54	20	47	43	1.69857603133579e+00	4.38847000000000e-04	6.93355000000000e-02	2.68366010068846e+02
13	47	36	40	1.99656695186183e+00	2.79728000000000e-04	3.79798000000000e-02	2.71081956466003e+02
17	51	36	40	2.60470939329367e+00	3.25420000000000e-04	5.92712000000000e-02	4.74415375182188e+02
47	63	58	60	1.39062983951960e+00	1.79677000000000e-03	1.38175000000000e-01	1.06942056064839e+02
3	37	6	10	3.23832845975690e+01	1.12854000000000e-02	2.79809000000000e-02	8.02907693122192e+01
46	12	39	35	2.05351760135128e+00	3.93559000000000e-04	5.18761000000000e-02	2.70679833111323e+02
60	8	19	13	7.56993573367645e+00	6.82800000000000e-03	1.26397000000000e-01	1.40131395273799e+02
60	44	51	49	1.52694262350230e+00	1.79208000000000e-03	2.39313000000000e-01	2.03906756427283e+02
28	12	21	19	3.80524842307242e+00	4.94857000000000e-04	3.22297000000000e-02	2.47833242939065e+02
7	41	30	34	2.33213923156736e+00	3.32771000000000e-04	3.82861000000000e-02	2.68318200305048e+02
64	48	61	59	1.32282921997684e+00	1.62163000000000e-03	1.31507000000000e-01	1.07275582118914e+02
14	23	18	19	4.18850991547353e+00	9.39891000000000e-04	3.53603000000000e-02	1.57578875810194e+02
5	57	10	16	9.09347649685648e+00	5.03191000000000e-03	7.70943000000000e-02	1.39321888724481e+02
58	6	23	17	6.21782029215124e+00	7.73213000000000e-04	5.38072000000000e-02	4.32692543999959e+02
3	19	16	18	4.74145284470604e+02	5.19447000000000e-01	2.54365000000000e-02	2.32181464681411e+01
5	57	28	34	4.47368563135025e+00	3.93620000000000e-04	7.70943000000000e-02	8.76214781182373e+02
23	39	26	28	3.73478665627119e+00	1.41362000000000e-03	4.04452000000000e-02	1.06856293254354e+02
64	48	55	53	1.55306743859651e+00	1.00067000000000e-03	1.31507000000000e-01	2.04102490978555e+02
32	16	25	23	2.96794109725187e+00	6.48172000000000e-04	5.39804000000000e-02	2.47173046052737e+02
7	41	22	26	3.85935739749817e+00	2.65018000000000e-04	3.82861000000000e-02	5.57546065762909e+02
15	49	26	30	3.87657313341728e+00	3.96003000000000e-04	4.81819000000000e-02	4.71664757734154e+02
7	41	14	18	7.39720992283872e+00	1.05387000000000e-03	3.82861000000000e-02	2.68733637760630e+02
5	39	12	16	8.21043653750312e+00	1.35823000000000e-03	4.42800000000000e-02	2.67670519632638e+02
60	8	55	49	1.53968104095711e+00	1.38876000000000e-03	1.26397000000000e-01	1.40132970804067e+02
20	29	26	27	1.43377605911245e+01	6.20092000000000e-03	3.56569000000000e-02	8.24458460392436e+01
25	34	26	27	4.51003922947192e+02	5.12909000000000e-01	3.44612000000000e-02	3.03019373601707e+01
25	34	31	32	4.68999662000009e+00	1.96068000000000e-03	3.44612000000000e-02	8.24320702619229e+01
32	41	39	40	2.99466698886591e+01	7.03130000000000e-02	7.12126000000000e-02	3.03298141753748e+01
13	47	24	28	5.62338138589665e+00	4.53460000000000e-04	3.79798000000000e-02	4.70989503727071e+02
5	21	10	12	8.07222694678529e+00	1.53317000000000e-03	3.84493000000000e-02	2.02437743723809e+02
15	49	38	42	1.84486861500948e+00	3.27757000000000e-04	4.81819000000000e-02	2.71204810641803e+02
42	8	35	31	2.42824761443173e+00	4.72188000000000e-04	5.22307000000000e-02	2.68598678227951e+02
1	10	6	7	5.26259361719953e+01	1.70765000000000e-02	4.37513000000000e-02	1.34831676352989e+02
29	45	42	44	1.50035133213135e+00	3.86748000000000e-03	5.99184000000000e-02	2.32447617723115e+01
9	43	36	40	1.54838794705993e+00	1.63543000000000e-03	8.52542000000000e-02	8.07167385435249e+01
1	53	6	12	1.54904540741415e+01	7.62677000000000e-03	6.85673000000000e-02	1.39264539462693e+02
24	33	28	29	2.40723698146596e+00	6.06287000000000e-04	3.96366000000000e-02	1.57375449811020e+02
27	43	38	40	1.42579375376246e+00	6.91054000000000e-04	5.18328000000000e-02	1.06942268592641e+02
1	53	18	24	2.68266419604035e+00	2.50218000000000e-04	6.85673000000000e-02	7.35131128572514e+02
58	42	53	51	1.53941495653356e+00	6.95967000000000e-04	9.20261000000000e-02	2.03553264352265e+02
29	45	30	32	3.92213999676069e+02	1.01342000000000e+00	5.99184000000000e-02	2.31896304771867e+01
9	25	10	12	9.59541016749526e+02	1.43113000000000e+00	3.46034000000000e-02	2.32008144745694e+01
54	20	39	35	3.10835944850795e+00	3.82539000000000e-04	6.93355000000000e-02	5.63392638507505e+02
48	32	47	45	1.60041102254659e+00	6.33157000000000e-03	9.19109000000000e-02	2.32320289362949e+01
54	20	27	23	4.71087873284482e+00	4.05097000000000e-03	6.93355000000000e-02	8.06303508495897e+01
5	21	14	16	5.11909204845227e+00	9.69708000000000e-04	3.84493000000000e-02	2.02973994128703e+02
11	20	14	15	1.56177498909195e+01	3.79949000000000e-03	3.28218000000000e-02	1.34913544546711e+02
48	14	21	17	9.14104080197086e+00	5.34241000000000e-03	4.71372000000000e-02	8.06533134841131e+01
23	32	27	28	2.58603026902375e+00	9.03581000000000e-04	5.50074000000000e-02	1.57430049348423e+02
55	64	57	58	1.42347451102560e+00	8.59177000000000e-03	4.97705000000000e-01	8.24591884454535e+01
55	64	62	63	1.35137294510258e+00	2.20554000000000e-02	4.97705000000000e-01	3.04952561115318e+01
50	59	57	58	1.52050583674959e+00	2.49736000000000e-02	4.97725000000000e-01	3.03037514653950e+01
9	43	12	16	1.57714801671699e+01	1.66898000000000e-02	8.52542000000000e-02	8.05632736442581e+01
47	63	52	54	1.50428540979209e+00	1.01785000000000e-03	1.38175000000000e-01	2.04209496976983e+02
46	12	27	23	3.78894630022851e+00	4.17688000000000e-04	5.18761000000000e-02	4.70580330690095e+02
7	41	18	22	5.36501235925235e+00	4.37331000000000e-04	3.82861000000000e-02	4.69679486904819e+02
7	41	34	38	1.77778817211468e+00	8.45447000000000e-04	3.82861000000000e-02	8.05072059353217e+01
3	55	14	20	8.04277620988106e+00	6.68802000000000e-04	3.58301000000000e-02	4.30880104840684e+02
1	35	24	28	3.46535540201278e+00	5.83743000000000e-04	4.51842000000000e-02	2.68233300537438e+02
36	20	25	23	6.10917766718673e+00	2.44173000000000e-03	4.26667000000000e-02	1.06751545327516e+02
41	50	44	45	1.37843140961410e+00	9.31129000000000e-04	9.10540000000000e-02	1.34795171851594e+02
40	24	27	25	2.97863282794544e+02	5.09348000000000e-01	3.97633000000000e-02	2.32533102569251e+01
25	41	32	34	2.19657138830428e+00	3.06883000000000e-04	3.45334000000000e-02	2.47179147691032e+02
21	37	30	32	2.49942479252363e+00	5.86263000000000e-04	4.76239000000000e-02	2.03035764454974e+02
31	40	33	34	5.71476154253381e+00	3.44675000000000e-03	4.97209000000000e-02	8.24379740857820e+01
18	27	22	23	2.97010741761085e+00	5.68607000000000e-04	3.01126000000000e-02	1.57292570481103e+02
9	61	38	44	3.06086880398194e+00	3.68970000000000e-04	8.93983000000000e-02	7.41622537330999e+02
19	28	23	24	3.07242026596458e+00	7.98139000000000e-04	4.08553000000000e-02	1.57271667832373e+02
11	20	18	19	5.24499307840102e+02	5.67021000000000e-01	3.28218000000000e-02	3.03604476413859e+01
29	63	32	36	2.35526352351880e+00	2.05623000000000e-03	7.03472000000000e-02	8.05776562649519e+01
29	63	36	40	2.54564368446214e+00	6.64826000000000e-04	7.03472000000000e-02	2.69362066765733e+02
44	10	25	21	4.08011051917370e+00	7.52185000000000e-04	8.66494000000000e-02	4.70016190724475e+02
21	55	32	36	3.18136104750262e+00	5.16925000000000e-04	7.67570000000000e-02	4.72392958210878e+02
54	63	58	59	1.36985519084971e+00	4.33008000000000e-03	4.97526000000000e-01	1.57396300687907e+02
34	18	23	21	7.39402889514646e+00	2.54691000000000e-03	3.67411000000000e-02	1.06664450270903e+02
44	10	33	29	2.94908393051015e+00	5.43343000000000e-04	8.66494000000000e-02	4.70303939000495e+02
39	48	43	44	1.53850245086160e+00	5.72311000000000e-04	5.85671000000000e-02	1.57441717684714e+02
5	57	22	28	5.27540149134263e+00	5.50881000000000e-04	7.70943000000000e-02	7.38278113048038e+02
29	45	40	42	1.49252865359198e+00	8.35605000000000e-04	5.99184000000000e-02	1.07024166774236e+02
27	43	32	34	2.12284718516749e+00	5.41488000000000e-04	5.18328000000000e-02	2.03205082253622e+02
7	41	26	30	3.25498744786279e+00	2.65705000000000e-04	3.82861000000000e-02	4.69019306853915e+02
27	61	46	50	1.94353687457817e+00	2.29586000000000e-04	5.52235000000000e-02	4.67488908702044e+02
35	51	46	48	1.42133313155300e+00	1.64520000000000e-03	1.23375000000000e-01	1.06587025957544e+02
49	58	52	53	1.30831429054000e+00	4.82428000000000e-03	4.97700000000000e-01	1.34973099074216e+02
41	50	47	48	1.47820175162579e+00	1.63234000000000e-03	9.10540000000000e-02	8.24559725869212e+01
1	53	24	30	9.81084846268591e+00	7.71194000000000e-04	6.85673000000000e-02	8.72288152910323e+02
3	19	8	10	1.14407398077725e+01	1.43588000000000e-03	2.54365000000000e-02	2.02671795777089e+02
34	43	40	41	1.31744371218705e+00	1.28438000000000e-03	8.04632000000000e-02	8.25345590109228e+01
7	59	18	24	3.79944645645943e+00	5.57283000000000e-04	6.35275000000000e-02	4.33118065260786e+02
3	55	32	38	3.41370433067726e+00	1.64443000000000e-04	3.58301000000000e-02	7.43804038716147e+02
20	29	27	28	3.00252457252968e+02	3.52423000000000e-01	3.56569000000000e-02	3.03784708802302e+01
25	34	27	28	1.89904064642037e+01	7.93449000000000e-03	3.44612000000000e-02	8.24794278200889e+01
25	34	32	33	2.45244445596165e+02	2.78815000000000e-01	3.44612000000000e-02	3.03119196907576e+01
54	2	37	31	3.81664978488797e+00	6.64012000000000e-04	1.29295000000000e-01	7.43169903461218e+02
26	35	30	31	1.97265381597621e+00	5.31426000000000e-04	4.23682000000000e-02	1.57270798579752e+02
7	59	24	30	8.66766791926192e+00	7.43534000000000e-04	6.35275000000000e-02	7.40565022905357e+02
58	24	31	27	3.16074856496321e+00	2.54918000000000e-03	6.50443000000000e-02	8.06489451054994e+01
9	25	12	14	2.01052091746687e+01	6.51707000000000e-03	3.46034000000000e-02	1.06751745056403e+02
21	30	24	25	4.55794817533040e+00	1.45876000000000e-03	4.31489000000000e-02	1.34820292592691e+02
54	2	13	7	1.19842821180446e+01	1.11311000000000e-02	1.29295000000000e-01	1.39205267803953e+02
7	23	20	22	3.32441456115444e+02	4.68387000000000e-01	3.27266000000000e-02	2.32279686620416e+01
56	22	49	45	1.76987298869968e+00	4.81484000000000e-04	7.27829000000000e-02	2.67540538728660e+02
48	14	41	37	1.97101170467262e+00	3.42493000000000e-04	4.71372000000000e-02	2.71269698725213e+02
35	51	40	42	1.83628652083699e+00	1.11596000000000e-03	1.23375000000000e-01	2.03010725750263e+02
7	59	48	54	1.56656110507306e+00	7.11179000000000e-04	6.35275000000000e-02	1.39936233497515e+02
17	33	30	32	5.74291119230667e+01	9.37973000000000e-02	3.79031000000000e-02	2.32068659986075e+01
38	4	27	23	3.17265731364846e+00	3.27981000000000e-04	4.83879000000000e-02	4.68070482214184e+02
17	33	24	26	3.55696959745753e+00	5.45219000000000e-04	3.79031000000000e-02	2.47277102135825e+02
9	61	20	26	4.92499682577705e+00	1.01521000000000e-03	8.93983000000000e-02	4.33689920045965e+02
17	51	32	36	3.06844394897819e+00	3.23154000000000e-04	5.92712000000000e-02	5.62797783684177e+02
38	4	19	15	6.96380720183081e+00	7.19472000000000e-04	4.83879000000000e-02	4.68349020533765e+02
34	43	39	40	1.86989070321526e+00	1.11552000000000e-03	8.04632000000000e-02	1.34876460871119e+02
5	57	16	22	6.66788333372727e+00	1.18950000000000e-03	7.70943000000000e-02	4.32161242619059e+02
17	51	28	32	3.99824172710214e+00	5.02073000000000e-04	5.92712000000000e-02	4.72004240529598e+02
3	19	10	12	6.50619909844179e+00	6.71062000000000e-04	2.54365000000000e-02	2.46616457745357e+02
1	53	42	48	1.57447753897849e+00	7.71621000000000e-04	6.85673000000000e-02	1.39910232819480e+02
54	20	43	39	2.49534169962112e+00	3.66448000000000e-04	6.93355000000000e-02	4.72142744438720e+02
20	29	25	26	3.22773073174983e+00	8.54005000000000e-04	3.56569000000000e-02	1.34766039928256e+02
11	63	22	28	4.54911714711418e+00	6.19399000000000e-04	5.91114000000000e-02	4.34138065011286e+02
31	47	42	44	1.43620468447015e+00	7.61851000000000e-04	5.67815000000000e-02	1.07041739514999e+02
46	30	37	35	2.38708047626089e+00	1.00712000000000e-03	8.59137000000000e-02	2.03633048607251e+02
62	28	55	51	1.71549707912272e+00	4.80069000000000e-04	7.54534000000000e-02	2.69628089524378e+02
60	8	25	19	5.14990800131367e+00	1.50179000000000e-03	1.26397000000000e-01	4.33438045027630e+02
10	19	14	15	6.49740292288129e+00	2.06707000000000e-03	5.00833000000000e-02	1.57426395723193e+02
15	49	42	46	1.41716838664673e+00	8.45242000000000e-04	4.81819000000000e-02	8.07838056894641e+01
27	61	42	46	2.37305955572344e+00	2.35505000000000e-04	5.52235000000000e-02	5.56458055563549e+02
36	2	13	9	9.24105991404468e+00	2.06548000000000e-03	5.96604000000000e-02	2.66923587202912e+02
5	57	34	40	3.61054986219781e+00	3.73901000000000e-04	7.70943000000000e-02	7.44455923469679e+02
21	30	22	23	6.27148072886988e+02	8.91139000000000e-01	4.31489000000000e-02	3.03664742337541e+01
5	39	28	32	2.49333998805642e+00	4.11737000000000e-04	4.42800000000000e-02	2.68144700794775e+02
54	38	47	45	1.64001504417370e+00	9.38065000000000e-04	1.40953000000000e-01	2.46427529565025e+02
15	31	22	24	2.57644633845987e+00	3.44188000000000e-04	3.30217000000000e-02	2.47186531938128e+02
30	14	17	15	6.87147153173259e+02	1.22808000000000e+00	4.14653000000000e-02	2.32010641411595e+01
35	51	36	38	4.74560878408926e+01	2.52684000000000e-01	1.23375000000000e-01	2.31708174533018e+01
11	63	46	52	2.01552670906293e+00	2.75608000000000e-04	5.91114000000000e-02	4.32282827458210e+02
11	63	52	58	1.52059738020075e+00	6.39373000000000e-04	5.91114000000000e-02	1.40582476864051e+02
3	12	9	10	1.00655050477407e+02	2.76629000000000e-02	2.26819000000000e-02	8.25310357707797e+01
62	28	39	35	2.73824664924511e+00	7.66538000000000e-04	7.54534000000000e-02	2.69536565342033e+02
18	2	15	13	1.26988311584181e+01	5.06719000000000e-03	4.25510000000000e-02	1.06636610157079e+02
37	46	39	40	1.45225509571584e+00	1.96550000000000e-03	1.11522000000000e-01	8.24006068605556e+01
37	46	44	45	1.52145818828474e+00	5.59425000000000e-03	1.11522000000000e-01	3.03304393035511e+01
42	51	44	45	1.79672275374062e+00	1.98391000000000e-03	9.10514000000000e-02	8.24604554339355e+01
42	8	15	11	1.98874565595615e+01	1.29127000000000e-02	5.22307000000000e-02	8.04429575011803e+01
1	17	12	14	1.07191727353202e+01	3.27727000000000e-03	3.26123000000000e-02	1.06667097003324e+02
15	31	28	30	2.48481939507731e+02	3.53557000000000e-01	3.30217000000000e-02	2.32078450203007e+01
24	8	19	17	4.03852416744755e+00	8.44031000000000e-04	4.25529000000000e-02	2.03607349783336e+02
37	53	40	42	1.79318268576601e+00	2.09049000000000e-03	1.24162000000000e-01	1.06503809456194e+02
29	45	38	40	1.58524658193566e+00	4.65740000000000e-04	5.99184000000000e-02	2.03945202892287e+02
38	22	37	35	1.32416954627569e+01	2.76682000000000e-02	4.84485000000000e-02	2.31869179284297e+01
1	53	36	42	2.55547634684629e+00	4.01472000000000e-04	6.85673000000000e-02	4.36449150419242e+02
64	30	41	37	2.38797911186141e+00	8.40973000000000e-04	9.47603000000000e-02	2.69075959672570e+02
36	2	21	17	5.35111491410045e+00	5.72994000000000e-04	5.96604000000000e-02	5.57160557041084e+02
18	27	24	25	1.93940955836618e+01	7.08583000000000e-03	3.01126000000000e-02	8.24189463580942e+01
18	27	19	20	6.13443668347423e+02	6.08347000000000e-01	3.01126000000000e-02	3.03648802533400e+01
23	32	24	25	3.13602114823370e+02	5.68807000000000e-01	5.50074000000000e-02	3.03273992249305e+01
50	59	54	55	1.38142147494010e+00	4.36656000000000e-03	4.97725000000000e-01	1.57462167842549e+02
9	61	26	32	5.49075910613267e+00	6.61274000000000e-04	8.93983000000000e-02	7.42301269667008e+02
56	22	33	29	3.25757494852528e+00	8.78764000000000e-04	7.27829000000000e-02	2.69805945306158e+02
7	23	14	16	5.97561265704964e+00	7.90690000000000e-04	3.27266000000000e-02	2.47330161229054e+02
40	24	31	29	2.66084528757215e+00	5.20605000000000e-04	3.97633000000000e-02	2.03232756933409e+02
3	37	14	18	6.93823219095426e+00	4.15069000000000e-04	2.79809000000000e-02	4.67724597866553e+02
23	39	32	34	2.12659858011270e+00	4.23947000000000e-04	4.04452000000000e-02	2.02880796166441e+02
3	37	26	30	2.61133360619097e+00	2.72390000000000e-04	2.79809000000000e-02	2.68245767104038e+02
19	53	46	50	1.44619360815608e+00	1.54900000000000e-03	8.60303000000000e-02	8.03205099856357e+01
21	55	24	28	4.33616345024035e+00	4.12508000000000e-03	7.67570000000000e-02	8.06847134964895e+01
9	61	32	38	4.08699984533590e+00	4.15317000000000e-04	8.93983000000000e-02	8.79739664577401e+02
44	10	17	13	1.32085694174857e+01	1.41918000000000e-02	8.66494000000000e-02	8.06461911021497e+01
43	52	47	48	1.48087983766583e+00	3.55059000000000e-03	3.77203000000000e-01	1.57323801792677e+02
15	31	26	28	2.99224160607602e+00	9.26061000000000e-04	3.30217000000000e-02	1.06698051903018e+02
24	8	17	15	5.43559166913540e+00	9.33965000000000e-04	4.25529000000000e-02	2.47654022086001e+02
39	55	52	54	1.40861305371938e+00	6.18444000000000e-03	1.01802000000000e-01	2.31871642533099e+01
4	13	11	12	8.27861441803488e+02	8.49919000000000e-01	3.11401000000000e-02	3.03319352596010e+01
21	55	28	32	3.49228332937844e+00	9.93231000000000e-04	7.67570000000000e-02	2.69884036556552e+02
28	37	30	31	1.71907410271592e+01	9.98949000000000e-03	4.79027000000000e-02	8.24349301317382e+01
42	51	48	49	1.48980480255259e+00	1.64503000000000e-03	9.10514000000000e-02	8.24597806721681e+01
43	59	52	54	1.53756920821710e+00	3.23794000000000e-03	4.29206000000000e-01	2.03812896342128e+02
11	27	22	24	3.69063843771884e+00	9.92204000000000e-04	2.86879000000000e-02	1.06708566421254e+02
64	30	49	45	2.26102691676048e+00	3.85283000000000e-04	9.47603000000000e-02	5.56099254159406e+02
21	55	40	44	2.37994210692457e+00	3.87886000000000e-04	7.67570000000000e-02	4.70955941439519e+02
18	27	23	24	2.08209863030935e+00	4.65365000000000e-04	3.01126000000000e-02	1.34727371450481e+02
52	18	41	37	2.43538924240005e+00	3.09297000000000e-04	6.01991000000000e-02	4.74004728601199e+02
29	63	40	44	2.49633578829696e+00	3.74721000000000e-04	7.03472000000000e-02	4.68642624690060e+02
11	63	40	46	3.04897858613844e+00	2.43848000000000e-04	5.91114000000000e-02	7.39105478809191e+02
64	30	37	33	2.67030657498845e+00	3.13976000000000e-03	9.47603000000000e-02	8.05918452804920e+01
58	42	57	55	1.38279580718133e+00	5.47365000000000e-03	9.20261000000000e-02	2.32483452963287e+01
6	15	13	14	8.65733391591143e+02	7.82976000000000e-01	2.74079000000000e-02	3.03048040085403e+01
64	30	57	53	1.67716888539900e+00	5.87151000000000e-04	9.47603000000000e-02	2.70678286728754e+02
21	55	48	52	1.46037134296020e+00	1.39582000000000e-03	7.67570000000000e-02	8.03067180378532e+01
9	43	16	20	5.99830833707341e+00	1.89767000000000e-03	8.52542000000000e-02	2.69478349044104e+02
42	8	19	15	6.75178588874602e+00	1.31008000000000e-03	5.22307000000000e-02	2.69182418798338e+02
9	61	14	20	7.11669240097325e+00	4.53383000000000e-03	8.93983000000000e-02	1.40327317581367e+02
26	35	29	30	3.03379169557965e+00	9.53903000000000e-04	4.23682000000000e-02	1.34747760848491e+02
15	49	18	22	8.67312497195602e+00	5.18466000000000e-03	4.81819000000000e-02	8.06007800099308e+01
23	57	46	50	1.68713147668943e+00	4.16556000000000e-04	6.60533000000000e-02	2.67528499335527e+02
11	45	34	38	2.29681729886625e+00	4.39914000000000e-04	5.17397000000000e-02	2.70136067499898e+02
42	8	23	19	4.79567331900891e+00	5.33143000000000e-04	5.22307000000000e-02	4.69820244143051e+02
32	41	36	37	2.22924017399190e+00	1.00911000000000e-03	7.12126000000000e-02	1.57316832470609e+02
42	51	49	50	1.50960709769578e+00	4.53058000000000e-03	9.10514000000000e-02	3.03386850458744e+01
23	57	34	38	3.47019760169412e+00	4.85194000000000e-04	6.60533000000000e-02	4.72425469490518e+02
17	33	20	22	8.23719453672604e+00	2.92642000000000e-03	3.79031000000000e-02	1.06688448085026e+02
5	39	16	20	6.20495613507535e+00	5.85926000000000e-04	4.42800000000000e-02	4.68925184513294e+02
19	53	42	46	1.74961942405616e+00	5.59413000000000e-04	8.60303000000000e-02	2.69068262513346e+02
25	59	36	40	2.83831838014086e+00	3.24558000000000e-04	5.39528000000000e-02	4.71826989012946e+02
19	35	26	28	2.91440827733380e+00	6.11706000000000e-04	5.19523000000000e-02	2.47521216313930e+02
44	10	29	25	3.76853746032108e+00	5.83608000000000e-04	8.66494000000000e-02	5.59521990470222e+02
9	61	44	50	2.01229161700539e+00	4.17307000000000e-04	8.93983000000000e-02	4.31086585330544e+02
28	12	25	23	3.96230946659967e+00	1.19743000000000e-03	3.22297000000000e-02	1.06648443262377e+02
8	17	11	12	2.65910276109910e+01	8.09050000000000e-03	4.09783000000000e-02	1.34683283697110e+02
25	59	32	36	2.80813531864893e+00	5.62017000000000e-04	5.39528000000000e-02	2.69576833476571e+02
52	61	55	56	1.34595204865240e+00	4.97332000000000e-03	4.97826000000000e-01	1.34728898315900e+02
25	59	40	44	2.61630922908830e+00	2.52678000000000e-04	5.39528000000000e-02	5.58644632992010e+02
62	10	51	45	1.97816241007330e+00	5.25145000000000e-04	1.14548000000000e-01	4.31489489091730e+02
52	61	59	60	1.52155687980771e+00	2.49505000000000e-02	4.97826000000000e-01	3.03589336986094e+01
32	16	19	17	4.12884272282549e+02	9.59386000000000e-01	5.39804000000000e-02	2.32311688637534e+01
29	38	33	34	2.19983433485560e+00	6.71388000000000e-04	4.79628000000000e-02	1.57152368281548e+02
19	35	30	32	2.45527214611779e+00	1.19578000000000e-03	5.19523000000000e-02	1.06672661456752e+02
7	16	10	11	4.86516784559169e+01	1.18859000000000e-02	3.28867000000000e-02	1.34612705295872e+02
47	63	48	50	1.57903902916192e+00	9.38517000000000e-03	1.38175000000000e-01	2.32477107878118e+01
7	16	12	13	1.41275129950653e+01	3.44780000000000e-03	3.28867000000000e-02	1.34754707817975e+02
25	59	52	56	1.30226897818542e+00	8.71544000000000e-04	5.39528000000000e-02	8.06167648750288e+01
27	61	34	38	3.06731002798494e+00	6.28317000000000e-04	5.52235000000000e-02	2.69589387730121e+02
27	61	38	42	2.51424635768857e+00	2.95173000000000e-04	5.52235000000000e-02	4.70386802769274e+02
3	37	18	22	5.45186357760192e+00	2.73805000000000e-04	2.79809000000000e-02	5.57141212098104e+02
43	59	54	56	1.40199485088098e+00	5.62834000000000e-03	4.29206000000000e-01	1.06913335364819e+02
22	31	29	30	3.28324083532074e+02	4.53870000000000e-01	4.19477000000000e-02	3.03444602171952e+01
33	49	34	36	1.82599582518036e+02	7.30182000000000e-01	9.27704000000000e-02	2.31994712414593e+01
12	21	14	15	9.42847267477667e+01	3.81112000000000e-02	3.33684000000000e-02	8.25513359854893e+01
27	61	54	58	1.39682836160537e+00	9.56440000000000e-04	5.52235000000000e-02	8.06509044238155e+01
52	18	33	29	3.62069619941378e+00	4.61676000000000e-04	6.01991000000000e-02	4.72111724625343e+02
3	19	14	16	9.33990657063840e+00	2.22811000000000e-03	2.54365000000000e-02	1.06626034389704e+02
42	26	29	27	2.49612017317055e+02	3.98901000000000e-01	3.70997000000000e-02	2.32151109143812e+01
1	17	4	6	6.43041111293913e+01	1.96670000000000e-02	3.26123000000000e-02	1.06630648466215e+02
34	18	29	27	2.47539741775176e+00	4.47511000000000e-04	3.67411000000000e-02	2.03232600015104e+02
40	6	21	17	5.73618935274740e+00	4.30715000000000e-04	3.52447000000000e-02	4.69382939718320e+02
50	59	53	54	1.45567008641211e+00	5.37060000000000e-03	4.97725000000000e-01	1.34905484258643e+02
44	28	31	29	2.31272798526724e+02	6.16196000000000e-01	6.18902000000000e-02	2.32288423738204e+01
37	53	48	50	1.41507411005303e+00	1.65015000000000e-03	1.24162000000000e-01	1.06474218496745e+02
42	8	39	35	1.66860086472205e+00	1.08101000000000e-03	5.22307000000000e-02	8.06210776820175e+01
19	28	24	25	2.88135683980404e+00	8.73851000000000e-04	4.08553000000000e-02	1.34712551793436e+02
64	48	57	55	1.52149503342504e+00	8.05393000000000e-04	1.31507000000000e-01	2.48434301466025e+02
1	17	8	10	8.11591549212595e+00	1.07089000000000e-03	3.26123000000000e-02	2.47157664002707e+02
23	57	50	54	1.45883285855829e+00	1.19746000000000e-03	6.60533000000000e-02	8.04709338568370e+01
5	21	16	18	7.84484072111501e+00	2.82637000000000e-03	3.84493000000000e-02	1.06719443787744e+02
38	47	45	46	1.59255863752416e+00	3.74269000000000e-03	7.15104000000000e-02	3.04285167066489e+01
43	52	45	46	1.44962047723244e+00	6.62879000000000e-03	3.77203000000000e-01	8.24888392713462e+01
58	24	39	35	3.08830877325666e+00	4.25373000000000e-04	6.50443000000000e-02	4.72237030418804e+02
9	25	20	22	3.90927092278779e+00	1.26578000000000e-03	3.46034000000000e-02	1.06870123915368e+02
8	17	10	11	2.05113756118552e+02	1.02011000000000e-01	4.09783000000000e-02	8.23951635838571e+01
1	17	10	12	5.70750480655010e+00	9.17030000000000e-04	3.26123000000000e-02	2.02975757611696e+02
18	2	11	9	7.14992690121387e+00	1.23244000000000e-03	4.25510000000000e-02	2.46857079917522e+02
52	61	56	57	1.42489853372297e+00	4.50961000000000e-03	4.97826000000000e-01	1.57297756890101e+02
36	2	25	21	3.42808557656354e+00	4.37091000000000e-04	5.96604000000000e-02	4.67913905186818e+02
56	40	53	51	1.42434002823289e+00	1.34041000000000e-03	1.00390000000000e-01	1.06675939029327e+02
53	62	56	57	1.34738855612178e+00	4.97728000000000e-03	4.97584000000000e-01	1.34699873687898e+02
13	29	16	18	1.28947642295936e+01	3.64124000000000e-03	3.01932000000000e-02	1.06923519278313e+02
54	38	45	43	1.68348446926293e+00	1.17136000000000e-03	1.40953000000000e-01	2.02578358827361e+02
17	33	22	24	2.97921267238916e+00	5.56131000000000e-04	3.79031000000000e-02	2.03048195196516e+02
17	33	28	30	2.46670031081889e+00	8.76157000000000e-04	3.79031000000000e-02	1.06710998771909e+02
3	19	12	14	5.50873581498229e+00	6.90910000000000e-04	2.54365000000000e-02	2.02809278426708e+02
11	45	18	22	5.02627099530538e+00	9.64876000000000e-04	5.17397000000000e-02	2.69524533117003e+02
32	41	38	39	1.73794213279068e+00	1.50045000000000e-03	7.12126000000000e-02	8.24841733650367e+01
15	49	30	34	3.23995393054007e+00	2.77805000000000e-04	4.81819000000000e-02	5.61930621428299e+02
20	4	11	9	1.02176949555260e+01	1.82085000000000e-03	3.60809000000000e-02	2.02467874850119e+02
25	59	48	52	1.71890346071767e+00	3.45826000000000e-04	5.39528000000000e-02	2.68168543242579e+02
5	21	18	20	5.90013285674721e+02	9.78151000000000e-01	3.84493000000000e-02	2.31923269770138e+01
53	62	59	60	1.41160755305681e+00	8.51268000000000e-03	4.97584000000000e-01	8.25114220997640e+01
13	29	24	26	3.21289778259593e+00	9.09574000000000e-04	3.01932000000000e-02	1.06651757118690e+02
54	38	53	51	1.31423262353515e+00	7.98774000000000e-03	1.40953000000000e-01	2.31911693401576e+01
30	14	23	21	3.27573120184279e+00	5.49163000000000e-04	4.14653000000000e-02	2.47338544300639e+02
38	22	33	31	2.24083724250441e+00	5.34987000000000e-04	4.84485000000000e-02	2.02930544374863e+02
11	27	16	18	5.35302703024129e+00	7.53780000000000e-04	2.86879000000000e-02	2.03729342965931e+02
28	12	15	13	6.57876577232664e+02	9.13364000000000e-01	3.22297000000000e-02	2.32143643949571e+01
15	31	18	20	1.11276370926907e+01	3.43955000000000e-03	3.30217000000000e-02	1.06831851196728e+02
38	4	15	11	8.39060766559308e+00	1.51930000000000e-03	4.83879000000000e-02	2.67230885711809e+02
11	27	24	26	2.47854783053672e+02	3.06394000000000e-01	2.86879000000000e-02	2.32068292158640e+01
19	35	24	26	3.60234927680653e+00	9.20728000000000e-04	5.19523000000000e-02	2.03263428866544e+02
45	61	48	50	1.41458814242717e+00	3.16297000000000e-03	2.39347000000000e-01	1.07044147786895e+02
60	44	53	51	1.58658854253582e+00	1.52843000000000e-03	2.39313000000000e-01	2.48419138514603e+02
28	12	23	21	2.98748642294276e+00	4.73725000000000e-04	3.22297000000000e-02	2.03252501272929e+02
53	62	60	61	1.45167916433813e+00	2.37393000000000e-02	4.97584000000000e-01	3.04277011246339e+01
13	29	20	22	3.41803546753429e+00	4.16840000000000e-04	3.01932000000000e-02	2.47580434887142e+02
25	59	28	32	3.03561597473641e+00	2.03203000000000e-03	5.39528000000000e-02	8.05991946781094e+01
13	29	26	28	2.27585653593416e+02	2.95850000000000e-01	3.01932000000000e-02	2.32264294611348e+01
30	14	25	23	2.77103023493352e+00	5.65933000000000e-04	4.14653000000000e-02	2.03030394058287e+02
10	19	11	12	9.21774569112715e+02	1.52317000000000e+00	5.00833000000000e-02	3.03088376722512e+01
44	10	41	37	1.53641104456809e+00	1.64762000000000e-03	8.66494000000000e-02	8.08008492038205e+01
15	31	16	18	5.68684041767181e+02	8.08422000000000e-01	3.30217000000000e-02	2.32290979488724e+01
54	2	49	43	1.51155463616144e+00	1.39944000000000e-03	1.29295000000000e-01	1.39653330391080e+02
33	49	44	46	1.37013048199861e+00	1.18941000000000e-03	9.27704000000000e-02	1.06866053646097e+02
12	21	19	20	7.68925702977569e+02	8.46402000000000e-01	3.33684000000000e-02	3.03139884206756e+01
15	31	20	22	3.87386453504797e+00	6.29378000000000e-04	3.30217000000000e-02	2.03250816706325e+02
53	62	57	58	1.42120920737408e+00	4.49577000000000e-03	4.97584000000000e-01	1.57296961864602e+02
13	29	22	24	2.44010107011901e+00	3.62761000000000e-04	3.01932000000000e-02	2.03093661199295e+02
17	33	26	28	2.73356703320490e+00	5.09869000000000e-04	3.79031000000000e-02	2.03210363085947e+02
58	42	55	53	1.44330274793578e+00	1.24261000000000e-03	9.20261000000000e-02	1.06889147046791e+02
6	15	11	12	1.59855721488191e+01	3.25218000000000e-03	2.74079000000000e-02	1.34719161577040e+02
27	43	30	32	3.16858693637517e+00	1.53907000000000e-03	5.18328000000000e-02	1.06711671954977e+02
19	35	28	30	2.44146259806320e+00	6.24189000000000e-04	5.19523000000000e-02	2.03207037184825e+02
29	63	52	56	1.32718370584251e+00	3.45751000000000e-04	7.03472000000000e-02	2.70031489689528e+02
28	12	27	25	2.83523378609342e+02	3.94222000000000e-01	3.22297000000000e-02	2.31795116344738e+01
20	29	23	24	3.68015168858820e+00	9.73747000000000e-04	3.56569000000000e-02	1.34760672684815e+02
1	35	16	20	5.62493202953239e+00	4.56342000000000e-04	4.51842000000000e-02	5.56946443257025e+02
21	37	22	24	4.79150302169617e+02	9.82500000000000e-01	4.76239000000000e-02	2.32254514763314e+01
21	37	26	28	3.04158582752656e+00	7.11928000000000e-04	4.76239000000000e-02	2.03464647115357e+02
38	22	25	23	3.35643353805891e+02	7.00220000000000e-01	4.84485000000000e-02	2.32232970021775e+01
31	40	35	36	1.65570437915500e+00	5.23525000000000e-04	4.97209000000000e-02	1.57247718572233e+02
11	63	16	22	5.74687519937598e+00	2.41865000000000e-03	5.91114000000000e-02	1.40452665189421e+02
7	59	30	36	4.39721992387658e+00	3.18131000000000e-04	6.35275000000000e-02	8.78079749267030e+02
55	64	60	61	1.28370117035578e+00	4.72320000000000e-03	4.97705000000000e-01	1.35269412896325e+02
44	28	43	41	1.80549384954036e+00	4.80638000000000e-03	6.18902000000000e-02	2.32487600744891e+01
44	10	37	33	2.44260704040024e+00	7.85197000000000e-04	8.66494000000000e-02	2.69550742662614e+02
64	48	51	49	1.47709235979565e+00	8.36850000000000e-03	1.31507000000000e-01	2.32118043806712e+01
38	22	31	29	2.57031043136822e+00	5.03452000000000e-04	4.84485000000000e-02	2.47347681475380e+02
24	33	30	31	5.77620551790625e+00	2.77664000000000e-03	3.96366000000000e-02	8.24554669064203e+01
62	46	53	51	1.53957471170380e+00	3.33250000000000e-03	4.42098000000000e-01	2.04243931251261e+02
62	46	51	49	1.40128045692697e+00	5.78382000000000e-03	4.42098000000000e-01	1.07109710787421e+02
62	46	49	47	1.60199829148367e+00	3.04289000000000e-02	4.42098000000000e-01	2.32752495380492e+01
60	44	59	57	1.38812203199995e+00	1.43049000000000e-02	2.39313000000000e-01	2.32225075214789e+01
38	47	41	42	1.52990165970833e+00	8.11958000000000e-04	7.15104000000000e-02	1.34740811281380e+02
8	17	15	16	5.20070801828947e+02	7.01896000000000e-01	4.09783000000000e-02	3.03629274687235e+01
60	44	57	55	1.36756062198037e+00	3.06135000000000e-03	2.39313000000000e-01	1.06905461684547e+02
8	17	13	14	1.25784948140738e+01	3.82448000000000e-03	4.09783000000000e-02	1.34775272465684e+02
45	61	54	56	1.46827483477986e+00	1.72346000000000e-03	2.39347000000000e-01	2.03907939192122e+02
60	44	49	47	1.47836064260646e+00	3.30883000000000e-03	2.39313000000000e-01	1.06923269090307e+02
3	37	30	34	2.09009068490007e+00	7.27639000000000e-04	2.79809000000000e-02	8.03731224482474e+01
52	36	49	47	1.45851224435139e+00	1.42519000000000e-03	1.04081000000000e-01	1.06514508875544e+02
29	63	44	48	2.15099800268369e+00	2.72367000000000e-04	7.03472000000000e-02	5.55561748282244e+02
28	12	19	17	5.02031511226108e+00	7.94227000000000e-04	3.22297000000000e-02	2.03724187132446e+02
9	43	32	36	2.18620585289282e+00	6.92823000000000e-04	8.52542000000000e-02	2.69019982049809e+02
58	42	51	49	1.59118697957384e+00	5.91320000000000e-04	9.20261000000000e-02	2.47633653691673e+02
58	42	49	47	1.64835474250155e+00	7.46459000000000e-04	9.20261000000000e-02	2.03214990198956e+02
5	14	8	9	3.83182788784743e+01	1.07993000000000e-02	3.79457000000000e-02	1.34639644684278e+02
56	40	51	49	1.54772343709227e+00	7.65811000000000e-04	1.00390000000000e-01	2.02890733940479e+02
29	63	48	52	2.02429845929485e+00	3.03358000000000e-04	7.03472000000000e-02	4.69424668463356e+02
23	32	26	27	3.49505170473058e+00	1.42530000000000e-03	5.50074000000000e-02	1.34886485050724e+02
41	57	54	56	1.42906661050030e+00	5.73463000000000e-03	9.31960000000000e-02	2.32243914310401e+01
56	40	49	47	1.69598211740302e+00	6.89972000000000e-04	1.00390000000000e-01	2.46763121932613e+02
41	57	52	54	1.37198847347601e+00	1.19722000000000e-03	9.31960000000000e-02	1.06800619580420e+02
56	40	47	45	1.59676350618817e+00	7.90973000000000e-04	1.00390000000000e-01	2.02660632393559e+02
5	39	32	36	1.83705391547139e+00	1.01228000000000e-03	4.42800000000000e-02	8.03579517298307e+01
54	38	51	49	1.40599062384873e+00	1.86108000000000e-03	1.40953000000000e-01	1.06485802009237e+02
6	15	9	10	4.39903580878809e+01	8.95782000000000e-03	2.74079000000000e-02	1.34595619853584e+02
54	38	49	47	1.61491386177459e+00	1.12404000000000e-03	1.40953000000000e-01	2.02507876551292e+02
54	38	41	39	2.21848060746017e+01	1.34905000000000e-01	1.40953000000000e-01	2.31793852758114e+01
3	37	22	26	3.29512970079326e+00	1.97046000000000e-04	2.79809000000000e-02	4.67914571444872e+02
52	36	41	39	1.81117475529204e+00	1.76889000000000e-03	1.04081000000000e-01	1.06569023345460e+02
52	36	39	37	1.23284239316228e+01	5.52793000000000e-02	1.04081000000000e-01	2.32122094749252e+01
50	34	47	45	1.39658001699631e+00	1.11884000000000e-03	8.54935000000000e-02	1.06716343429868e+02
50	34	41	39	1.90255183521141e+00	8.00210000000000e-04	8.54935000000000e-02	2.03266411721481e+02
53	62	58	59	1.34769163356010e+00	4.97423000000000e-03	4.97584000000000e-01	1.34812783846619e+02
13	29	18	20	4.78931979384375e+00	7.10159000000000e-04	3.01932000000000e-02	2.03623259579169e+02
39	48	40	41	3.24072918335250e+01	6.25712000000000e-02	5.85671000000000e-02	3.03334617450719e+01
42	26	41	39	2.24837127602475e+01	3.58424000000000e-02	3.70997000000000e-02	2.32724091659976e+01
35	51	44	46	1.50916015658878e+00	9.17116000000000e-04	1.23375000000000e-01	2.03019720863163e+02
50	34	39	37	2.17878748306877e+00	1.74460000000000e-03	8.54935000000000e-02	1.06770702558603e+02
42	26	39	37	1.62233991305113e+00	5.63194000000000e-04	3.70997000000000e-02	1.06869611665293e+02
48	32	41	39	1.84877413480421e+00	6.84910000000000e-04	9.19109000000000e-02	2.48094632326257e+02
48	32	39	37	2.16292715509106e+00	9.75991000000000e-04	9.19109000000000e-02	2.03686900246886e+02
46	30	45	43	1.46624498477228e+00	5.42612000000000e-03	8.59137000000000e-02	2.32155816215326e+01
7	23	10	12	4.31926734644174e+01	1.32754000000000e-02	3.27266000000000e-02	1.06478851665532e+02
13	22	20	21	6.20951864483480e+02	6.36478000000000e-01	3.11395000000000e-02	3.03798883607655e+01
46	30	43	41	1.49751948775408e+00	1.20190000000000e-03	8.59137000000000e-02	1.07045045357399e+02
46	30	41	39	1.69407806485680e+00	7.13524000000000e-04	8.59137000000000e-02	2.03979844603248e+02
19	53	38	42	2.36829105282845e+00	4.30562000000000e-04	8.60303000000000e-02	4.73206622419414e+02
13	22	16	17	1.31953724936840e+01	3.04470000000000e-03	3.11395000000000e-02	1.34954938669515e+02
31	47	44	46	1.58188573674296e+00	3.85956000000000e-03	5.67815000000000e-02	2.32725608517215e+01
1	17	6	8	1.60752510000008e+01	2.58086000000000e-03	3.26123000000000e-02	2.03130316323755e+02
46	30	39	37	1.98387712923133e+00	6.86516000000000e-04	8.59137000000000e-02	2.48271306885261e+02
46	30	35	33	2.97061129033884e+00	2.38999000000000e-03	8.59137000000000e-02	1.06785470740373e+02
46	30	33	31	2.50934235638916e+02	9.28865000000000e-01	8.59137000000000e-02	2.32097114655102e+01
55	64	58	59	1.35516762717739e+00	4.99927000000000e-03	4.97705000000000e-01	1.34914438284854e+02
44	28	41	39	1.51983854192016e+00	8.79112000000000e-04	6.18902000000000e-02	1.06997869813115e+02
44	28	39	37	1.81574010390390e+00	5.51343000000000e-04	6.18902000000000e-02	2.03823242842718e+02
44	28	37	35	2.33794015774524e+00	5.83792000000000e-04	6.18902000000000e-02	2.47854687886926e+02
44	28	33	31	2.91078466472518e+00	1.68802000000000e-03	6.18902000000000e-02	1.06722103444731e+02
40	24	39	37	2.49012166884339e+01	4.26591000000000e-02	3.97633000000000e-02	2.32108635565965e+01
40	24	37	35	1.89095274179142e+00	7.05087000000000e-04	3.97633000000000e-02	1.06640061662851e+02
25	41	34	36	2.14381255341350e+00	3.64538000000000e-04	3.45334000000000e-02	2.03087569559414e+02
40	24	29	27	3.56688652561437e+00	1.32789000000000e-03	3.97633000000000e-02	1.06809433751261e+02
32	16	29	27	2.51985081114971e+00	1.27470000000000e-03	5.39804000000000e-02	1.06709464757344e+02
38	22	29	27	2.79671065990755e+00	6.66056000000000e-04	4.84485000000000e-02	2.03430997403418e+02
38	22	27	25	4.34155146885432e+00	1.96823000000000e-03	4.84485000000000e-02	1.06868433231273e+02
36	20	31	29	2.49159136697106e+00	5.23337000000000e-04	4.26667000000000e-02	2.03134846909629e+02
21	37	34	36	1.20499832665987e+01	2.47314000000000e-02	4.76239000000000e-02	2.32039916094588e+01
36	20	29	27	2.70711137460287e+00	4.66621000000000e-04	4.26667000000000e-02	2.47531741792093e+02
21	37	32	34	2.10051510467771e+00	9.38612000000000e-04	4.76239000000000e-02	1.06577287839555e+02
36	20	27	25	3.14204007657454e+00	6.59091000000000e-04	4.26667000000000e-02	2.03402081556542e+02
36	20	23	21	5.96722633362157e+02	1.09821000000000e+00	4.26667000000000e-02	2.31833488867094e+01
45	54	50	51	1.36280457303707e+00	2.41984000000000e-03	2.39298000000000e-01	1.34767756842859e+02
34	18	33	31	1.86388062794224e+02	2.95314000000000e-01	3.67411000000000e-02	2.31892238563999e+01
45	54	48	49	1.38694208333239e+00	2.45971000000000e-03	2.39298000000000e-01	1.34931543416612e+02
34	18	31	29	2.54797001595562e+00	8.77390000000000e-04	3.67411000000000e-02	1.06697387881361e+02
18	2	7	5	4.73323831132251e+01	1.88778000000000e-02	4.25510000000000e-02	1.06688291742197e+02
34	18	25	23	3.36065303831202e+00	6.07895000000000e-04	3.67411000000000e-02	2.03117461643747e+02
19	35	22	24	6.13118329030508e+00	2.98557000000000e-03	5.19523000000000e-02	1.06689534545469e+02
3	12	8	9	1.80249498467516e+01	3.03095000000000e-03	2.26819000000000e-02	1.34888437595155e+02
4	13	7	8	3.26792713547989e+01	7.55398000000000e-03	3.11401000000000e-02	1.34715180330842e+02
30	14	29	27	3.97711721962784e+02	7.11191000000000e-01	4.14653000000000e-02	2.31881953859138e+01
10	19	15	16	1.06690304441538e+01	3.96356000000000e-03	5.00833000000000e-02	1.34813211467390e+02
30	14	27	25	4.61300357236142e+00	1.79317000000000e-03	4.14653000000000e-02	1.06671189585504e+02
40	6	29	25	3.32759577202305e+00	2.50242000000000e-04	3.52447000000000e-02	4.68666789372771e+02
10	19	13	14	1.64964220723008e+01	6.12634000000000e-03	5.00833000000000e-02	1.34859517358433e+02
30	14	21	19	4.29432972295909e+00	8.75253000000000e-04	4.14653000000000e-02	2.03444798545581e+02
3	12	6	7	4.03470269119876e+01	6.78894000000000e-03	2.26819000000000e-02	1.34799722742433e+02
15	31	24	26	3.12893041011121e+00	5.08821000000000e-04	3.30217000000000e-02	2.03062769271648e+02
30	14	19	17	1.18395791211522e+01	4.59274000000000e-03	4.14653000000000e-02	1.06892987657110e+02
28	12	17	15	1.48194495267284e+01	4.46718000000000e-03	3.22297000000000e-02	1.06918998654990e+02
26	10	25	23	3.45658772114732e+02	5.98500000000000e-01	4.01308000000000e-02	2.31772147902788e+01
26	10	21	19	3.54350202450504e+00	6.98347000000000e-04	4.01308000000000e-02	2.03628813533969e+02
26	10	19	17	4.48698795928750e+00	7.25918000000000e-04	4.01308000000000e-02	2.48053383986311e+02
26	10	17	15	6.21515857464980e+00	1.22481000000000e-03	4.01308000000000e-02	2.03639165035847e+02
52	18	49	45	1.43074730570221e+00	1.07118000000000e-03	6.01991000000000e-02	8.04063744008456e+01
26	10	15	13	1.66567024232543e+01	6.25591000000000e-03	4.01308000000000e-02	1.06850449192385e+02
26	10	13	11	7.33166102432068e+02	1.26864000000000e+00	4.01308000000000e-02	2.31921918144476e+01
2	11	6	7	2.10525479291167e+01	5.52859000000000e-03	4.13430000000000e-02	1.57431730157865e+02
24	8	21	19	4.83185746037250e+00	1.92339000000000e-03	4.25529000000000e-02	1.06899561360663e+02
30	39	34	35	2.01795367671533e+00	6.43763000000000e-04	5.01381000000000e-02	1.57163992398633e+02
20	29	21	22	7.63809928815015e+02	8.98840000000000e-01	3.56569000000000e-02	3.03002695148904e+01
22	6	19	17	7.31798471909705e+00	2.13847000000000e-03	3.12113000000000e-02	1.06807117454607e+02
22	6	17	15	4.77538069596989e+00	7.33597000000000e-04	3.12113000000000e-02	2.03171277303649e+02
36	20	35	33	4.83634604375662e+01	8.91043000000000e-02	4.26667000000000e-02	2.31583577610902e+01
22	6	15	13	6.03299276238360e+00	7.62333000000000e-04	3.12113000000000e-02	2.47001700050481e+02
22	6	13	11	7.48176844436314e+00	1.15257000000000e-03	3.12113000000000e-02	2.02604370621785e+02
17	26	22	23	4.16982983809179e+00	9.69090000000000e-04	3.13238000000000e-02	1.34780996483732e+02
22	6	11	9	4.37401877149611e+01	1.28305000000000e-02	3.12113000000000e-02	1.06401786432950e+02
20	4	19	17	4.11431492319899e+02	6.39386000000000e-01	3.60809000000000e-02	2.32173030551890e+01
62	46	59	57	1.39064494328381e+00	5.75164000000000e-03	4.42098000000000e-01	1.06891486277981e+02
20	4	17	15	9.25530766948413e+00	3.13115000000000e-03	3.60809000000000e-02	1.06650856871083e+02
18	2	13	11	5.37675520662188e+00	1.12784000000000e-03	4.25510000000000e-02	2.02853517162867e+02
37	46	42	43	1.49602211342294e+00	1.23647000000000e-03	1.11522000000000e-01	1.34932006545370e+02
62	46	57	55	1.47293608248777e+00	3.19463000000000e-03	4.42098000000000e-01	2.03836468134237e+02
20	4	15	13	5.29382545121013e+00	9.41609000000000e-04	3.60809000000000e-02	2.02850638346243e+02
62	46	55	53	1.59676498379098e+00	2.83975000000000e-03	4.42098000000000e-01	2.48587588979320e+02
20	4	13	11	6.13778089236319e+00	8.98116000000000e-04	3.60809000000000e-02	2.46579126303581e+02
20	4	9	7	3.72109608480269e+01	1.26087000000000e-02	3.60809000000000e-02	1.06482425409564e+02
20	29	22	23	5.43576597909957e+01	2.35082000000000e-02	3.56569000000000e-02	8.24489173735783e+01
18	2	5	3	9.05310438702083e+02	1.66109000000000e+00	4.25510000000000e-02	2.31907148181088e+01
34	43	38	39	1.46913371094859e+00	7.50903000000000e-04	8.04632000000000e-02	1.57425392641657e+02
1	10	3	4	3.16878789766132e+02	1.68428000000000e-01	4.37513000000000e-02	8.23132673587229e+01
1	10	7	8	1.95007931319983e+02	1.03392000000000e-01	4.37513000000000e-02	8.25194454654127e+01
18	2	17	15	5.60560540060692e+02	1.02926000000000e+00	4.25510000000000e-02	2.31743306260056e+01
42	51	46	47	1.43119703812816e+00	8.28425000000000e-04	9.10514000000000e-02	1.57301498623801e+02
40	6	37	33	1.91183837921293e+00	8.37958000000000e-04	3.52447000000000e-02	8.04123477833564e+01
10	19	16	17	6.96837597527461e+01	4.23271000000000e-02	5.00833000000000e-02	8.24529118419337e+01
40	49	42	43	1.67883434889691e+00	1.93872000000000e-03	9.52266000000000e-02	8.24614627221395e+01
10	19	17	18	6.03197140180782e+02	9.94786000000000e-01	5.00833000000000e-02	3.03684443999173e+01
34	18	21	19	4.77269475268200e+02	7.55182000000000e-01	3.67411000000000e-02	2.32201052432082e+01
40	49	43	44	1.40160977910654e+00	9.90220000000000e-04	9.52266000000000e-02	1.34788767941535e+02
33	42	38	39	2.06336585303286e+00	7.41208000000000e-04	4.84475000000000e-02	1.34867563713302e+02
19	28	20	21	5.19129491810582e+02	6.98738000000000e-01	4.08553000000000e-02	3.03535676129950e+01
19	28	21	22	5.44762086533221e+01	2.69982000000000e-02	4.08553000000000e-02	8.24366753114679e+01
11	20	16	17	8.79708101616168e+00	2.14124000000000e-03	3.28218000000000e-02	1.34845245603601e+02
19	28	25	26	1.20194213136975e+01	5.95737000000000e-03	4.08553000000000e-02	8.24284984141499e+01
24	33	25	26	3.87266774759865e+02	5.04779000000000e-01	3.96366000000000e-02	3.04092251152422e+01
19	28	26	27	3.67720502270611e+02	4.95830000000000e-01	4.08553000000000e-02	3.02993595313242e+01
24	33	26	27	2.08865221136050e+01	1.00330000000000e-02	3.96366000000000e-02	8.25147734883002e+01
24	33	31	32	7.59652930244440e+01	9.92416000000000e-02	3.96366000000000e-02	3.03401591015530e+01
28	37	29	30	2.98638632937644e+02	4.70979000000000e-01	4.79027000000000e-02	3.03741713367731e+01
28	37	34	35	2.34397313251539e+00	1.36350000000000e-03	4.79027000000000e-02	8.23488388521783e+01
33	42	34	35	2.42870318183526e+02	3.88131000000000e-01	4.84475000000000e-02	3.03156917128402e+01
28	37	32	33	1.52248785563049e+00	4.64040000000000e-04	4.79027000000000e-02	1.57165931820340e+02
28	37	35	36	1.56277266070114e+01	2.46673000000000e-02	4.79027000000000e-02	3.03482869765919e+01
27	43	40	42	3.54687034780617e+00	7.92292000000000e-03	5.18328000000000e-02	2.32040991659347e+01
37	46	38	39	1.70974011102328e+01	6.28845000000000e-02	1.11522000000000e-01	3.03212455631417e+01
37	46	43	44	1.37902668357768e+00	1.86271000000000e-03	1.11522000000000e-01	8.25634767655459e+01
42	51	43	44	4.21477248247178e+00	1.26646000000000e-02	9.10514000000000e-02	3.03018599253455e+01
11	27	18	20	4.36186189023665e+00	5.04529000000000e-04	2.86879000000000e-02	2.48018761500171e+02
7	59	42	48	1.99344869144279e+00	2.93573000000000e-04	6.35275000000000e-02	4.31370772331351e+02
37	46	40	41	1.73553873257867e+00	1.43659000000000e-03	1.11522000000000e-01	1.34729289870206e+02
37	46	41	42	1.62226175555230e+00	1.14949000000000e-03	1.11522000000000e-01	1.57389690647769e+02
11	27	12	14	5.95529835572310e+02	7.35297000000000e-01	2.86879000000000e-02	2.32348294225529e+01
46	55	47	48	1.67613314707532e+00	2.42458000000000e-02	4.40131000000000e-01	3.04266371146923e+01
46	55	52	53	1.28560294963107e+00	6.86182000000000e-03	4.40131000000000e-01	8.24611709173476e+01
21	37	28	30	2.60124895985602e+00	5.00609000000000e-04	4.76239000000000e-02	2.47461832166995e+02
36	20	33	31	2.30230158455471e+00	9.21361000000000e-04	4.26667000000000e-02	1.06615768431397e+02
47	56	50	51	1.29533656695386e+00	1.33852000000000e-03	1.39491000000000e-01	1.34990730852704e+02
14	23	17	18	1.17906586788798e+01	3.08898000000000e-03	3.53603000000000e-02	1.34970517155435e+02
11	27	14	16	1.46787276504642e+01	3.93888000000000e-03	2.86879000000000e-02	1.06909037839120e+02
46	55	49	50	1.36380751966165e+00	4.44721000000000e-03	4.40131000000000e-01	1.34973155627057e+02
14	23	19	20	6.43827348845571e+00	1.68682000000000e-03	3.53603000000000e-02	1.34963589496117e+02
46	55	50	51	1.39153211825734e+00	3.88897000000000e-03	4.40131000000000e-01	1.57485509721269e+02
13	22	17	18	4.16840139543007e+00	8.23826000000000e-04	3.11395000000000e-02	1.57559891594821e+02
45	54	52	53	1.27043888672314e+00	1.00235000000000e-02	2.39298000000000e-01	3.03300728004264e+01
45	54	47	48	1.51056107070948e+00	4.37891000000000e-03	2.39298000000000e-01	8.25489089975900e+01
40	49	47	48	1.56904305295569e+00	4.93064000000000e-03	9.52266000000000e-02	3.03032943363519e+01
46	55	51	52	1.47004001342042e+00	4.79901000000000e-03	4.40131000000000e-01	1.34821594692810e+02
29	63	56	60	1.48792111770640e+00	1.29657000000000e-03	7.03472000000000e-02	8.07292197501993e+01
14	23	16	17	9.19411732331235e+01	3.93877000000000e-02	3.53603000000000e-02	8.25401703545832e+01
14	23	21	22	4.33988740993096e+02	5.05385000000000e-01	3.53603000000000e-02	3.03649140321501e+01
55	64	56	57	1.44411964770288e+00	2.36881000000000e-02	4.97705000000000e-01	3.03420523072750e+01
55	64	61	62	1.32656584049008e+00	7.97085000000000e-03	4.97705000000000e-01	8.28316241857661e+01
50	59	56	57	1.38079075348918e+00	8.33129000000000e-03	4.97725000000000e-01	8.24907160572253e+01
55	64	59	60	1.39110833955463e+00	4.39057000000000e-03	4.97705000000000e-01	1.57692868155624e+02
9	61	50	56	1.39930433604428e+00	8.91655000000000e-04	8.93983000000000e-02	1.40295774514793e+02
23	32	29	30	5.63212750826905e+00	3.75717000000000e-03	5.50074000000000e-02	8.24579911737714e+01
2	11	4	5	1.59501091295617e+02	7.99775000000000e-02	4.13430000000000e-02	8.24513596628389e+01
35	44	42	43	1.83050370313810e+00	5.73218000000000e-03	9.51664000000000e-02	3.03902612294662e+01
35	44	37	38	2.30639976916955e+00	2.66240000000000e-03	9.51664000000000e-02	8.24413172298292e+01
30	39	37	38	2.93587016323635e+01	4.85512000000000e-02	5.01381000000000e-02	3.03182932309316e+01
2	11	5	6	4.73514619295446e+01	1.45247000000000e-02	4.13430000000000e-02	1.34780855408591e+02
5	21	6	8	7.27221509202969e+02	1.20435000000000e+00	3.84493000000000e-02	2.32168040634348e+01
2	11	8	9	1.72142346628590e+02	8.62271000000000e-02	4.13430000000000e-02	8.25364767766261e+01
2	11	9	10	8.98059379898070e+02	1.22441000000000e+00	4.13430000000000e-02	3.03235590554846e+01
20	29	24	25	4.31140351197397e+00	9.77209000000000e-04	3.56569000000000e-02	1.57316688534494e+02
29	38	31	32	1.84905325445020e+01	1.07607000000000e-02	4.79628000000000e-02	8.24163590031725e+01
9	25	14	16	6.86779482155648e+00	1.16802000000000e-03	3.46034000000000e-02	2.03463169576075e+02
2	11	7	8	2.60595942487137e+01	7.98623000000000e-03	4.13430000000000e-02	1.34904930740108e+02
21	30	26	27	3.51353304645811e+00	1.12466000000000e-03	4.31489000000000e-02	1.34800816307432e+02
54	20	35	31	3.72517370655564e+00	5.46866000000000e-04	6.93355000000000e-02	4.72303601852900e+02
29	38	35	36	2.05648271832828e+00	1.19725000000000e-03	4.79628000000000e-02	8.23843552496435e+01
34	43	35	36	5.31175928726459e+01	1.40423000000000e-01	8.04632000000000e-02	3.04366912744371e+01
29	38	36	37	1.70510502125315e+01	2.69777000000000e-02	4.79628000000000e-02	3.03145231481410e+01
34	43	36	37	2.23953707998344e+00	2.18524000000000e-03	8.04632000000000e-02	8.24624846580347e+01
34	43	41	42	4.28838097640227e+00	1.13825000000000e-02	8.04632000000000e-02	3.03146809734637e+01
38	47	39	40	2.90902077405882e+01	6.86299000000000e-02	7.15104000000000e-02	3.03111674592643e+01
38	47	44	45	1.61549391124613e+00	1.39899000000000e-03	7.15104000000000e-02	8.25771562275466e+01
43	52	44	45	1.91968585944674e+00	2.38411000000000e-02	3.77203000000000e-01	3.03723932721597e+01
38	47	42	43	1.62090292183783e+00	7.36250000000000e-04	7.15104000000000e-02	1.57434860851330e+02
32	16	21	19	9.14569709334186e+00	4.62454000000000e-03	5.39804000000000e-02	1.06754052809021e+02
38	47	43	44	1.38911955777342e+00	7.36094000000000e-04	7.15104000000000e-02	1.34950828595533e+02
56	40	43	41	2.27859186676792e+01	9.86693000000000e-02	1.00390000000000e-01	2.31832837067692e+01
15	24	18	19	1.16677758541137e+01	2.60902000000000e-03	3.01760000000000e-02	1.34949829504463e+02
37	53	50	52	1.52302461305232e+00	8.15169000000000e-03	1.24162000000000e-01	2.31978622844836e+01
47	56	48	49	1.68584371053138e+00	7.73971000000000e-03	1.39491000000000e-01	3.03835705763824e+01
47	56	53	54	1.44989053964191e+00	2.45170000000000e-03	1.39491000000000e-01	8.24924261798710e+01
52	61	53	54	1.58427595055056e+00	2.59834000000000e-02	4.97826000000000e-01	3.03537550651101e+01
47	56	49	50	1.36805391186757e+00	2.31119000000000e-03	1.39491000000000e-01	8.25683774247548e+01
47	56	54	55	1.44246099786700e+00	6.62878000000000e-03	1.39491000000000e-01	3.03540511305950e+01
52	61	54	55	1.37182369660902e+00	8.28428000000000e-03	4.97826000000000e-01	8.24367963888329e+01
47	56	51	52	1.55928653980786e+00	1.38076000000000e-03	1.39491000000000e-01	1.57526607610546e+02
15	24	16	17	7.35057730693919e+02	7.30433000000000e-01	3.01760000000000e-02	3.03670591025046e+01
15	24	21	22	1.84939035170956e+01	6.76246000000000e-03	3.01760000000000e-02	8.25250031100926e+01
47	56	52	53	1.29924152178313e+00	1.34363000000000e-03	1.39491000000000e-01	1.34882742358425e+02
3	12	4	5	7.79395377012259e+02	5.81618000000000e-01	2.26819000000000e-02	3.03948089671474e+01
3	12	5	6	1.70076627072720e+02	4.67908000000000e-02	2.26819000000000e-02	8.24448619728820e+01
3	12	7	8	1.89389995672771e+01	2.72898000000000e-03	2.26819000000000e-02	1.57411375050394e+02
3	12	10	11	7.47202025487044e+02	5.57892000000000e-01	2.26819000000000e-02	3.03785708020452e+01
12	21	15	16	1.46963416848062e+01	3.63459000000000e-03	3.33684000000000e-02	1.34923996344921e+02
44	53	45	46	1.57444972364066e+00	1.24073000000000e-02	2.39296000000000e-01	3.03659556122859e+01
64	30	45	41	2.39819881790645e+00	4.85616000000000e-04	9.47603000000000e-02	4.67970658801317e+02
39	48	45	46	1.39758450909139e+00	9.91331000000000e-04	5.85671000000000e-02	8.25682559129152e+01
33	49	36	38	2.72729567514619e+00	2.36851000000000e-03	9.27704000000000e-02	1.06823408261558e+02
12	21	16	17	5.04542570864738e+00	1.06893000000000e-03	3.33684000000000e-02	1.57501223856033e+02
33	49	42	44	1.50860626554673e+00	6.87292000000000e-04	9.27704000000000e-02	2.03631071942168e+02
12	21	17	18	7.81308377711813e+00	1.93258000000000e-03	3.33684000000000e-02	1.34902619663035e+02
33	49	38	40	1.84944335432952e+00	8.43050000000000e-04	9.27704000000000e-02	2.03515330951297e+02
62	46	61	59	1.44279353755760e+00	2.74143000000000e-02	4.42098000000000e-01	2.32672779303918e+01
12	21	18	19	5.48088071701629e+01	2.21649000000000e-02	3.33684000000000e-02	8.25125401502765e+01
30	39	31	32	3.30976449621650e+02	5.46962000000000e-01	5.01381000000000e-02	3.03394574555001e+01
30	39	32	33	5.22869410603407e+00	3.18079000000000e-03	5.01381000000000e-02	8.24187663938038e+01
45	61	52	54	1.57185461002585e+00	1.51331000000000e-03	2.39347000000000e-01	2.48606488654576e+02
60	44	47	45	1.51989420964424e+00	1.56602000000000e-02	2.39313000000000e-01	2.32264238638454e+01
40	6	13	9	3.32583418763111e+01	1.46126000000000e-02	3.52447000000000e-02	8.02170922305422e+01
5	14	11	12	9.39551842612886e+01	4.32254000000000e-02	3.79457000000000e-02	8.24791727878419e+01
1	53	12	18	8.80478764471517e+00	1.40594000000000e-03	6.85673000000000e-02	4.29407027235500e+02
30	39	33	34	2.72665304139699e+00	1.01512000000000e-03	5.01381000000000e-02	1.34672947882877e+02
7	59	12	18	8.32628155625858e+00	3.78183000000000e-03	6.35275000000000e-02	1.39865581362784e+02
5	14	12	13	8.17609677114726e+02	1.01945000000000e+00	3.79457000000000e-02	3.04328525429322e+01
64	30	53	49	2.01555859055258e+00	4.05481000000000e-04	9.47603000000000e-02	4.71033011924947e+02
30	39	35	36	2.01380889298719e+00	7.49901000000000e-04	5.01381000000000e-02	1.34642508354411e+02
35	44	41	42	1.71802733329229e+00	1.98108000000000e-03	9.51664000000000e-02	8.25299717381568e+01
35	44	36	37	6.45480803692736e+01	2.02862000000000e-01	9.51664000000000e-02	3.02807250034725e+01
3	19	6	8	3.81357115327322e+01	9.09910000000000e-03	2.54365000000000e-02	1.06608238881026e+02
30	39	36	37	1.49840364055176e+00	9.11870000000000e-04	5.01381000000000e-02	8.23879627253318e+01
39	48	41	42	1.80048063509510e+00	1.27947000000000e-03	5.85671000000000e-02	8.24161015136566e+01
31	40	36	37	2.30082829498240e+00	8.49273000000000e-04	4.97209000000000e-02	1.34702567457096e+02
39	48	42	43	1.45733648741475e+00	6.33237000000000e-04	5.85671000000000e-02	1.34786773028216e+02
44	53	51	52	1.58645032833601e+00	1.25102000000000e-02	2.39296000000000e-01	3.03457353015535e+01
44	53	46	47	1.35940346743810e+00	3.94351000000000e-03	2.39296000000000e-01	8.24899168872571e+01
39	48	46	47	1.70370926892921e+00	3.28617000000000e-03	5.85671000000000e-02	3.03640137680959e+01
53	62	54	55	1.30959781959879e+00	2.14863000000000e-02	4.97584000000000e-01	3.03279262351937e+01
13	29	14	16	6.42726020777965e+02	8.33747000000000e-01	3.01932000000000e-02	2.32755923446240e+01
48	57	49	50	1.50031779636051e+00	6.66825000000000e-03	1.34764000000000e-01	3.03211228596300e+01
48	57	54	55	1.38816877361011e+00	2.26730000000000e-03	1.34764000000000e-01	8.25101118540962e+01
48	57	50	51	1.41784044855618e+00	2.31386000000000e-03	1.34764000000000e-01	8.25779650494091e+01
41	57	42	44	2.18585576158955e+01	8.76249000000000e-02	9.31960000000000e-02	2.32483019731948e+01
15	24	17	18	6.59538667605583e+01	2.41082000000000e-02	3.01760000000000e-02	8.25538150242078e+01
15	24	22	23	3.06983421869927e+02	3.05466000000000e-01	3.01760000000000e-02	3.03259012078166e+01
1	10	5	6	2.70010559387890e+01	7.51123000000000e-03	4.37513000000000e-02	1.57275346207577e+02
16	25	20	21	3.60165349959897e+00	6.94300000000000e-04	3.03559000000000e-02	1.57470017958341e+02
48	57	51	52	1.44150559305229e+00	1.43912000000000e-03	1.34764000000000e-01	1.34987394895560e+02
16	25	21	22	3.75529098826156e+00	8.45225000000000e-04	3.03559000000000e-02	1.34869694709183e+02
48	57	52	53	1.39187312282246e+00	1.19050000000000e-03	1.34764000000000e-01	1.57559336013478e+02
42	26	31	29	3.06956488866888e+00	1.06706000000000e-03	3.70997000000000e-02	1.06723086330805e+02
48	57	53	54	1.46782942415239e+00	1.46611000000000e-03	1.34764000000000e-01	1.34922048493273e+02
16	25	18	19	6.16897698000768e+01	2.26965000000000e-02	3.03559000000000e-02	8.25082494249840e+01
16	25	23	24	3.92036007978733e+02	3.91489000000000e-01	3.03559000000000e-02	3.03983147792189e+01
53	62	55	56	1.31981489682891e+00	7.96897000000000e-03	4.97584000000000e-01	8.24094927730578e+01
48	57	55	56	1.47196399667687e+00	6.53319000000000e-03	1.34764000000000e-01	3.03630777687718e+01
4	13	9	10	1.49649054853261e+01	3.45643000000000e-03	3.11401000000000e-02	1.34823691873871e+02
13	22	14	15	8.15817127120499e+02	8.34479000000000e-01	3.11395000000000e-02	3.04431117259617e+01
40	49	44	45	1.47306150202388e+00	8.91109000000000e-04	9.52266000000000e-02	1.57415802588266e+02
13	22	15	16	1.00107912007398e+02	3.77610000000000e-02	3.11395000000000e-02	8.25537015956769e+01
40	49	45	46	1.43128344770017e+00	1.01061000000000e-03	9.52266000000000e-02	1.34865335154773e+02
54	38	43	41	1.72279810113350e+00	2.28038000000000e-03	1.40953000000000e-01	1.06488199663683e+02
13	22	18	19	7.52799455786570e+00	1.73706000000000e-03	3.11395000000000e-02	1.34951001424625e+02
62	10	57	51	1.51799622356620e+00	1.23819000000000e-03	1.14548000000000e-01	1.40433561421964e+02
5	39	20	24	3.20490331325754e+00	2.54793000000000e-04	4.42800000000000e-02	5.56974166131110e+02
13	22	19	20	5.37200428250015e+01	2.02676000000000e-02	3.11395000000000e-02	8.25364262936477e+01
39	55	50	52	1.41653613398422e+00	1.35329000000000e-03	1.01802000000000e-01	1.06559725935950e+02
49	58	53	54	1.47637150927077e+00	4.66382000000000e-03	4.97700000000000e-01	1.57551127651595e+02
41	50	48	49	1.53484607708545e+00	4.59541000000000e-03	9.10540000000000e-02	3.04116226197311e+01
3	19	4	6	6.36691171123484e+02	6.96981000000000e-01	2.54365000000000e-02	2.32362072628701e+01
22	31	23	24	4.34010335681507e+02	5.99689000000000e-01	4.19477000000000e-02	3.03586281523709e+01
17	26	18	19	7.12124434907686e+02	7.36165000000000e-01	3.13238000000000e-02	3.03008746329442e+01
17	26	23	24	2.12927772160601e+01	8.08916000000000e-03	3.13238000000000e-02	8.24524048183522e+01
22	31	25	26	3.73600529276420e+00	1.16188000000000e-03	4.19477000000000e-02	1.34882112799329e+02
54	63	55	56	1.41660442271433e+00	2.32564000000000e-02	4.97526000000000e-01	3.03055301773004e+01
5	14	6	7	9.15929282114674e+02	1.14421000000000e+00	3.79457000000000e-02	3.03751739281590e+01
49	58	55	56	1.35958376652628e+00	8.19950000000000e-03	4.97700000000000e-01	8.25251345326092e+01
43	59	46	48	1.48014544277661e+00	5.94974000000000e-03	4.29206000000000e-01	1.06775641441874e+02
22	31	26	27	2.40718576766192e+00	6.41400000000000e-04	4.19477000000000e-02	1.57430474627615e+02
43	59	48	50	1.56142938302302e+00	3.29182000000000e-03	4.29206000000000e-01	2.03587942162626e+02
22	31	28	29	1.77327617249007e+01	9.02102000000000e-03	4.19477000000000e-02	8.24572574950079e+01
31	40	32	33	9.28507079293107e+01	1.52137000000000e-01	4.97209000000000e-02	3.03451544586949e+01
11	63	34	40	4.38482024766400e+00	2.94388000000000e-04	5.91114000000000e-02	8.80446429840095e+02
31	40	34	35	2.58288052095041e+00	9.53395000000000e-04	4.97209000000000e-02	1.34700878538405e+02
58	6	41	35	3.39082152866326e+00	2.45135000000000e-04	5.38072000000000e-02	7.44286259233035e+02
23	39	28	30	2.65097240002150e+00	5.27310000000000e-04	4.04452000000000e-02	2.03332212386167e+02
52	36	51	49	1.30992074739145e+00	5.88568000000000e-03	1.04081000000000e-01	2.31643346748803e+01
49	58	50	51	1.51011297343735e+00	2.46981000000000e-02	4.97700000000000e-01	3.04308115555354e+01
16	25	17	18	5.21187928299811e+02	5.20804000000000e-01	3.03559000000000e-02	3.03782778793486e+01
16	25	22	23	1.65863269519922e+01	6.10339000000000e-03	3.03559000000000e-02	8.24939717635577e+01
17	26	20	21	8.14921869040659e+00	1.89345000000000e-03	3.13238000000000e-02	1.34814490171147e+02
49	58	51	52	1.49393610948671e+00	9.00383000000000e-03	4.97700000000000e-01	8.25795246791128e+01
41	50	46	47	1.27151027020059e+00	8.59035000000000e-04	9.10540000000000e-02	1.34774597243237e+02
49	58	54	55	1.37284413168280e+00	5.06451000000000e-03	4.97700000000000e-01	1.34912266801434e+02
54	63	61	62	1.51635231943509e+00	2.48714000000000e-02	4.97526000000000e-01	3.03330212243486e+01
54	63	56	57	1.41871180070447e+00	8.56490000000000e-03	4.97526000000000e-01	8.24114709287080e+01
49	58	56	57	1.38761244620918e+00	2.27197000000000e-02	4.97700000000000e-01	3.03971757760142e+01
23	39	24	26	2.39016930422064e+02	4.16559000000000e-01	4.04452000000000e-02	2.32070068208980e+01
17	51	44	48	1.43302816490655e+00	1.05487000000000e-03	5.92712000000000e-02	8.05192099195250e+01
5	14	7	8	1.35689196391876e+02	6.24914000000000e-02	3.79457000000000e-02	8.23924818379360e+01
5	14	10	11	1.60192501006653e+01	4.51069000000000e-03	3.79457000000000e-02	1.34760238133149e+02
14	23	15	16	8.67842461173638e+02	1.01214000000000e+00	3.53603000000000e-02	3.03190959549451e+01
18	27	25	26	3.27944995233495e+02	3.25429000000000e-01	3.01126000000000e-02	3.03454101001083e+01
23	32	25	26	1.65263059853023e+01	1.10148000000000e-02	5.50074000000000e-02	8.25316051000396e+01
50	59	55	56	1.34463704415764e+00	4.96275000000000e-03	4.97725000000000e-01	1.34856576052262e+02
64	48	53	51	1.44538020501764e+00	1.77498000000000e-03	1.31507000000000e-01	1.07087186684501e+02
23	32	28	29	2.35173303066407e+00	9.59649000000000e-04	5.50074000000000e-02	1.34802119848977e+02
27	36	33	34	2.28740945880274e+00	1.03326000000000e-03	3.72164000000000e-02	8.23888908721776e+01
27	36	28	29	3.69958277527470e+02	4.54409000000000e-01	3.72164000000000e-02	3.02998295363282e+01
32	41	33	34	7.53047011570083e+01	1.76740000000000e-01	7.12126000000000e-02	3.03419914089259e+01
51	60	58	59	1.38611497973030e+00	2.27272000000000e-02	4.97743000000000e-01	3.03569743899775e+01
36	2	33	29	2.19870085395866e+00	1.63143000000000e-03	5.96604000000000e-02	8.04051491191869e+01
32	41	35	36	2.12584767783347e+00	1.12331000000000e-03	7.12126000000000e-02	1.34768799656803e+02
32	41	37	38	1.76708200517948e+00	9.33522000000000e-04	7.12126000000000e-02	1.34799719773122e+02
41	50	42	43	2.94488900274895e+01	8.81429000000000e-02	9.10540000000000e-02	3.04215000024169e+01
50	59	51	52	1.56083298387172e+00	2.55839000000000e-02	4.97725000000000e-01	3.03654093745501e+01
50	59	52	53	1.29739424966816e+00	7.82561000000000e-03	4.97725000000000e-01	8.25169607118273e+01
6	15	12	13	9.90338585221951e+01	3.29088000000000e-02	2.74079000000000e-02	8.24797650169703e+01
41	57	44	46	1.46141321664590e+00	1.27772000000000e-03	9.31960000000000e-02	1.06594454292436e+02
15	24	19	20	3.96590462091470e+00	7.59608000000000e-04	3.01760000000000e-02	1.57548548515447e+02
15	24	20	21	4.81371407754213e+00	1.07651000000000e-03	3.01760000000000e-02	1.34934776271387e+02
24	33	27	28	3.15652024697532e+00	9.27738000000000e-04	3.96366000000000e-02	1.34858904584335e+02
25	34	30	31	2.63940602755351e+00	6.75049000000000e-04	3.44612000000000e-02	1.34741476539817e+02
24	33	29	30	2.55878292718418e+00	7.52505000000000e-04	3.96366000000000e-02	1.34778447148695e+02
33	42	36	37	2.65570199577439e+00	9.54549000000000e-04	4.84475000000000e-02	1.34788389532942e+02
33	42	39	40	1.32491877422225e+00	7.77811000000000e-04	4.84475000000000e-02	8.25251922563865e+01
33	42	40	41	2.95948224245557e+01	4.71102000000000e-02	4.84475000000000e-02	3.04349198138336e+01
42	51	47	48	1.41254432808481e+00	9.54557000000000e-04	9.10514000000000e-02	1.34736991750290e+02
51	60	52	53	1.27592681489106e+00	2.09565000000000e-02	4.97743000000000e-01	3.03048524622109e+01
51	60	54	55	1.34827071936096e+00	4.97822000000000e-03	4.97743000000000e-01	1.34805676058286e+02
51	60	56	57	1.34094227933022e+00	4.95128000000000e-03	4.97743000000000e-01	1.34802441578877e+02
7	23	12	14	7.44391742257853e+00	1.20066000000000e-03	3.27266000000000e-02	2.02900161512633e+02
7	16	11	12	9.30899787227848e+00	1.94737000000000e-03	3.28867000000000e-02	1.57208039728588e+02
7	16	13	14	9.13186101284831e+01	3.64207000000000e-02	3.28867000000000e-02	8.24577159613183e+01
46	12	35	31	3.07206102916905e+00	3.37900000000000e-04	5.18761000000000e-02	4.71638192232248e+02
7	16	14	15	7.26609108129165e+02	7.87164000000000e-01	3.28867000000000e-02	3.03567944625407e+01
16	25	19	20	9.65657992761274e+00	2.17312000000000e-03	3.03559000000000e-02	1.34890928538056e+02
25	34	28	29	3.31531720101234e+00	8.47659000000000e-04	3.44612000000000e-02	1.34782747693974e+02
25	34	29	30	2.02169549233227e+00	4.42854000000000e-04	3.44612000000000e-02	1.57320590308230e+02
34	43	37	38	2.28990787934944e+00	1.36665000000000e-03	8.04632000000000e-02	1.34821143436630e+02
43	52	46	47	1.37935375840363e+00	3.86026000000000e-03	3.77203000000000e-01	1.34782728554845e+02
32	16	31	29	7.21942492315551e+01	1.67894000000000e-01	5.39804000000000e-02	2.32115170954235e+01
29	38	30	31	5.14774205348570e+02	8.14653000000000e-01	4.79628000000000e-02	3.03073974517891e+01
43	52	48	49	1.39579230670343e+00	3.90731000000000e-03	3.77203000000000e-01	1.34746678780402e+02
43	52	49	50	1.34414529903742e+00	6.15277000000000e-03	3.77203000000000e-01	8.24044518538498e+01
43	52	50	51	1.30406356990466e+00	1.62411000000000e-02	3.77203000000000e-01	3.02871536262166e+01
52	61	57	58	1.42322921811736e+00	5.25745000000000e-03	4.97826000000000e-01	1.34765049356341e+02
22	6	21	19	4.86413393215540e+02	6.53412000000000e-01	3.12113000000000e-02	2.32343365895763e+01
38	47	40	41	1.51747974916342e+00	1.31678000000000e-03	7.15104000000000e-02	8.24098056278009e+01
52	61	58	59	1.35648980449687e+00	8.18775000000000e-03	4.97826000000000e-01	8.24763693827317e+01
56	22	53	49	1.42407584856795e+00	1.28955000000000e-03	7.27829000000000e-02	8.03756117085311e+01
8	17	14	15	6.62551158308973e+01	3.29190000000000e-02	4.09783000000000e-02	8.24758350209077e+01
17	26	21	22	3.32565842308966e+00	6.61966000000000e-04	3.13238000000000e-02	1.57367990671992e+02
26	35	27	28	3.26438373830545e+02	4.55658000000000e-01	4.23682000000000e-02	3.03530417772262e+01
26	35	28	29	1.25799350650389e+01	6.46492000000000e-03	4.23682000000000e-02	8.24432792397404e+01
26	35	33	34	5.15840679066522e+01	7.18385000000000e-02	4.23682000000000e-02	3.04227413696364e+01
26	35	31	32	2.51683560666856e+00	7.91621000000000e-04	4.23682000000000e-02	1.34703089420890e+02
0
