3.404000043869018555e+00
6.442999839782714844e+00
6.227000236511230469e+00
6.044000148773193359e+00
1.698800086975097656e+01
2.037199974060058594e+01
1.570199966430664062e+01
1.624300003051757812e+01
3.079400062561035156e+01
3.011800003051757812e+01
2.849300003051757812e+01
2.422900009155273438e+01
1.928899955749511719e+01
3.059000015258789062e+00
6.578000068664550781e+00
7.809999942779541016e+00
1.319099998474121094e+01
3.106500053405761719e+01
2.747800064086914062e+01
2.328199958801269531e+01
2.030400085449218750e+01
2.842600059509277344e+01
2.829000091552734375e+01
1.387399959564208984e+01
1.270400047302246094e+01
