2.091281383656172821e+01
2.547896680530540436e+01
2.970668855833674016e+01
2.956743944962977366e+01
3.231249161808535320e+01
3.218107736002747998e+01
3.281465335767678226e+01
3.229205527236987194e+01
3.215769259755481357e+01
3.208403899837170314e+01
3.125459725474884820e+01
3.115889105527088532e+01
3.111176742786609850e+01
3.072267082238654012e+01
3.064601256846807331e+01
3.069884055200700601e+01
3.062266834342574384e+01
3.057714619244461218e+01
3.017379681729417840e+01
3.009933386406789779e+01
2.986622398480803398e+01
2.979292604627034891e+01
2.974911972210863453e+01
2.943659384841431503e+01
2.936473827857595964e+01
2.971799276365030096e+01
2.964584556767471213e+01
2.960272515311555352e+01
2.965799116521083434e+01
2.958637215399658871e+01
2.989803564674945591e+01
2.982622617279414712e+01
2.981072941829105361e+01
2.992559890300843151e+01
2.990076197058484553e+01
3.031772229443854982e+01
3.029260670190835114e+01
3.027755731030505260e+01
3.034563490976287881e+01
3.032054192623508015e+01
3.058535302055636507e+01
3.056010866483401855e+01
3.054498204409365769e+01
3.047345569535569609e+01
3.044834928557060749e+01
3.067241276606049638e+01
3.064718908225620808e+01
3.063207477531931389e+01
3.044344649029056171e+01
3.041845631047121401e+01
3.028809940988161387e+01
3.026328247294421203e+01
3.025609083015637424e+01
3.002146648417309294e+01
3.000987212261545167e+01
3.032943877151752687e+01
3.031773561474270551e+01
3.031071805491194837e+01
3.056456242415696778e+01
3.055277854415882288e+01
3.089329967973652558e+01
3.088139935581836681e+01
3.087426356117834203e+01
3.059579828112387290e+01
3.058402253633580514e+01
3.052850570532467245e+01
3.051676600145373897e+01
3.050972651204227404e+01
3.006458062221169669e+01
3.005302909291185287e+01
2.994258589589593811e+01
2.993109115259234798e+01
2.992801937796237510e+01
2.960638328954453158e+01
2.960146374401276148e+01
2.967911138217539957e+01
2.967418159033488934e+01
2.967122450125172151e+01
2.959729319395091096e+01
2.959237878821899415e+01
2.993779866483327723e+01
2.993282957260047539e+01
2.992984890896368810e+01
3.013706144471988324e+01
3.013206110465185716e+01
3.052520576487625448e+01
3.052014290931562712e+01
3.051710600202648394e+01
3.057467823194829037e+01
3.056960902066787966e+01
3.055310927983677871e+01
3.054804552898113101e+01
3.054315395729588545e+01
3.009284560934401043e+01
3.008474874905054364e+01
3.014510892556551980e+01
3.013700289836503288e+01
3.013214137423138439e+01
2.965239526723834373e+01
2.964442644506183555e+01
2.928734583549464077e+01
2.927947986172118178e+01
2.927476230526227496e+01
2.869300741529569976e+01
2.868530561929132006e+01
2.924097616029370883e+01
2.923313200391011080e+01
2.922842752985025427e+01
3.001451241166295603e+01
3.000646549622954851e+01
3.048804783833389465e+01
3.047987888322927574e+01
3.047615031344655279e+01
2.981802065241807753e+01
2.981198666495206595e+01
2.919913906224022782e+01
2.919323299437633779e+01
2.918969050034622015e+01
2.801120888214267168e+01
2.800554561530966424e+01
2.749176035600893897e+01
2.748620463161765670e+01
2.748287227468172489e+01
2.732752783964226140e+01
2.732200775866890297e+01
2.839617213749458102e+01
2.839043879282134242e+01
2.838699989717312633e+01
2.969117036610280991e+01
2.968517821577009386e+01
3.035512547030539920e+01
3.034900209694559337e+01
3.034967967391078503e+01
3.101890336249577729e+01
3.102022616673052724e+01
3.139047250193723215e+01
3.139181127991562192e+01
3.139261460151793059e+01
3.178329734892688307e+01
3.178465300776274205e+01
3.215063918037126456e+01
3.215201063879933230e+01
3.215283357002017084e+01
3.207549415811978832e+01
3.207686253948362065e+01
3.202713657594717489e+01
3.202850302515374636e+01
3.202932295064715618e+01
3.181143731233854410e+01
3.181279468606727789e+01
3.133498523800778202e+01
3.133632240989020445e+01
3.134146216605743263e+01
3.107632324983518757e+01
3.108498526882311808e+01
3.061784093960556774e+01
3.062638050648947896e+01
3.063150653348753494e+01
2.976287628656818995e+01
2.977118249347249446e+01
2.874248982365819316e+01
2.875051628928180136e+01
2.875533432078505314e+01
2.727294380754144498e+01
2.728056457792504474e+01
2.685995329180786939e+01
2.686746337188495559e+01
2.687197143610507766e+01
2.691184559948111499e+01
2.691937482011627480e+01
2.847517123884635026e+01
2.848314284218938042e+01
2.849276842349303251e+01
3.001951380899761190e+01
3.003663064139314898e+01
3.127380421734655869e+01
3.129165908378072913e+01
3.130238179296124912e+01
3.151431627005575820e+01
3.153233107689488435e+01
3.112144748504302783e+01
3.113926056722100810e+01
3.114995820779179425e+01
3.061056907647301273e+01
3.062811183575772489e+01
3.056930075098647848e+01
3.058684242310055623e+01
3.059737709304716802e+01
3.055758058423360879e+01
3.057513769559771788e+01
3.114222724846240453e+01
3.116014337741437856e+01
3.117485847357536954e+01
3.164558570593420228e+01
3.167067688617946075e+01
3.204997508678248863e+01
3.207543220254165561e+01
3.209072589287941923e+01
3.246483690791216503e+01
3.249066868577332912e+01
3.262062946797657759e+01
3.264663164412856133e+01
3.266225285683025703e+01
3.243014699601508255e+01
3.245604274878373019e+01
3.219089505506198634e+01
3.221664591399017041e+01
3.223211621407655514e+01
3.194520877849259222e+01
3.197080815422555844e+01
3.169018671404124632e+01
3.171562748473331439e+01
3.173208163880308419e+01
3.122572446421048653e+01
3.125280560307716016e+01
3.084930207960494997e+01
3.087610893918799704e+01
3.089221542897002948e+01
3.040959315712033018e+01
3.043606853992623940e+01
3.016574714361434673e+01
3.019206164816710825e+01
3.020787239918864842e+01
2.998148915631928446e+01
3.000769321591706529e+01
2.999827430248835114e+01
3.002454456582149689e+01
3.004032882075785693e+01
3.006550393094216034e+01
3.009188389254639517e+01
2.995132778868118706e+01
2.997765942549219886e+01
2.999239328707403018e+01
2.984347528790683768e+01
2.986791278844020070e+01
2.961563821319880674e+01
2.963993380032044200e+01
2.965453029597933465e+01
2.924369160202025952e+01
2.926772543398700321e+01
2.883824143366721415e+01
2.886198584643349108e+01
2.887625127168658068e+01
2.817827996833904081e+01
2.820152309430367410e+01
2.761460346281719325e+01
2.763742388340368805e+01
2.765113424895221783e+01
2.700381158655375913e+01
2.702616790015170167e+01
2.655610232048432096e+01
2.657812890693987384e+01
2.658919854740913635e+01
2.574679647641919189e+01
2.576460911497362360e+01
2.504391640662085550e+01
2.506126971142556670e+01
2.507169324249978715e+01
2.395439488443619780e+01
2.397101858484274572e+01
2.331829814203799600e+01
2.333450565310930713e+01
2.334424097877870707e+01
2.268319878788178201e+01
2.269898901484675591e+01
2.283577795222909756e+01
2.285169926809690821e+01
2.286126271854665148e+01
2.300568302238007945e+01
2.302174743820713942e+01
2.407046265610631508e+01
2.408729697020484650e+01
2.409543311437695223e+01
2.561724625723241644e+01
2.563160107916810659e+01
3.608649975439246305e+01
3.610674656769293733e+01
3.611890556470117986e+01
3.839876133166961836e+01
3.842033209589637721e+01
3.932934700622107016e+01
3.935146842464201455e+01
3.936475322456986703e+01
3.939148722576881312e+01
3.941367104676376698e+01
3.817510794337634650e+01
3.819663395339657086e+01
3.820956121582357667e+01
3.706135570570049964e+01
3.708227965477155408e+01
3.499801366139325864e+01
3.501779776684000467e+01
3.502672499006713025e+01
3.263114813563681338e+01
3.264491780856903347e+01
2.958009600303698505e+01
2.959259002797087845e+01
2.960009151034615016e+01
2.581976137429260021e+01
2.583067725453789620e+01
2.396211294414464987e+01
2.397225308393265664e+01
2.397834128825199329e+01
2.253086817147675092e+01
2.254041153059228719e+01
2.235589244821557386e+01
2.236537070392358473e+01
2.237106151609761540e+01
2.153200903610845174e+01
2.154114651179424911e+01
2.092812541528243386e+01
2.093701508977599346e+01
2.094052652413187587e+01
2.053708793738783100e+01
2.054276320068087358e+01
2.103671197286376682e+01
2.104252891120985325e+01
2.104602061859815265e+01
2.144859164584165612e+01
2.145452608464356459e+01
2.168935971728987866e+01
2.169536450123329629e+01
2.169896896781446571e+01
2.083516637142614769e+01
2.084093818409332499e+01
2.042681821700517730e+01
2.043248042853851487e+01
2.043587926246432218e+01
1.992125316345781982e+01
1.992677860446857707e+01
2.077051841300872681e+01
2.077628299835271974e+01
2.077766265884507391e+01
2.202761155735474929e+01
2.202996631910496106e+01
2.416137736922566859e+01
2.416396085137748173e+01
2.416551120587762114e+01
2.517285235490039241e+01
2.517554462346257793e+01
2.538725746769411629e+01
2.538997331908545974e+01
2.539160310885033311e+01
2.528775580880116891e+01
2.529046165262688461e+01
2.466887120342371986e+01
2.467151145936097478e+01
2.467309588421839806e+01
2.423714079796311438e+01
2.423973545767050908e+01
2.409288512451555775e+01
2.409546496108315949e+01
2.409441097841393997e+01
2.369254037883962027e+01
2.369071640222630393e+01
2.271360764769724838e+01
2.271185933657356415e+01
2.271081047908150907e+01
2.134623745300633146e+01
2.134459466924635507e+01
2.036158766274003895e+01
2.036002092720432799e+01
2.035908100160890655e+01
1.976799704540247404e+01
1.976647624152316141e+01
1.975741737645634544e+01
1.975589764891160272e+01
1.975498592460016312e+01
2.012950901976913798e+01
2.012796093315118640e+01
2.084519254339157968e+01
2.084358969285320384e+01
2.084103919520911674e+01
2.123967975610445436e+01
2.123528825263114328e+01
2.156248904075931705e+01
2.155803286136608676e+01
2.155536003771296905e+01
2.185560464920630253e+01
2.185108994616985356e+01
2.230818364965033496e+01
2.230357759308476417e+01
2.230081487202135548e+01
2.274821200451069814e+01
2.274351722616428262e+01
2.308808578097463382e+01
2.308332306557418079e+01
2.308046637939280998e+01
2.319987952093052286e+01
2.319509591513338265e+01
2.261609121555277824e+01
2.261143013870867691e+01
2.260877299392255679e+01
2.159515141549831796e+01
2.056423010532612139e+01
2.055922668447721335e+01
2.055520784242152033e+01
2.055279729126459287e+01
2.055038730542187508e+01
1.880433502385768207e+01
1.879976376998409648e+01
1.879609205120035398e+01
1.879388970827607608e+01
1.879168788138950674e+01
1.738637385930309165e+01
1.738215097206522231e+01
1.737875906675455440e+01
1.737672455890538714e+01
1.737469052735463748e+01
1.641327630628617484e+01
1.641114227220874255e+01
1.640510275250339589e+01
1.579847968286721027e+01
1.579016960912953849e+01
1.544427603628497536e+01
1.527422924860094255e+01
1.521412554000287365e+01
1.520981289325886188e+01
1.519973960556114889e+01
1.520862739879888004e+01
1.521190048251994931e+01
1.521282354329618336e+01
1.521199679200728916e+01
1.521198789300632548e+01
1.521198789300632548e+01
1.521198789300632548e+01
1.521198789300632548e+01
1.521198789300632548e+01
1.521198789300632548e+01
1.521198789300632548e+01
