5.473784272007510054e+00
5.376511165933349545e+00
5.757499925868275525e+00
6.100715746840924325e+00
5.337122972701550339e+00
5.391410925739786641e+00
6.244944775659396541e+00
5.480134748790865373e+00
5.792616829200863293e+00
6.464760972269607109e+00
5.821804241982860617e+00
5.940703389057447659e+00
9.397537682062788278e+00
5.468644627089560117e+00
5.806743148211735317e+00
7.536627858528427204e+00
5.566415361189841704e+00
5.198247742205203359e+00
5.429777153869213890e+00
6.369778083030958271e+00
5.273083168135020316e+00
8.496215429829780064e+00
5.287068149720601795e+00
5.254067893151018964e+00
1.143998196826209934e+01
5.250116853047261500e+00
5.382877786746552928e+00
8.050640512521061609e+00
5.227375906312561327e+00
8.966729036634870198e+00
5.197408754904204287e+00
7.814652768375450975e+00
5.363880756838864450e+00
5.462608705369840223e+00
9.672171909823617852e+00
7.522985724140120567e+00
5.240128791846839995e+00
5.296656850222039026e+00
9.006401346815390951e+00
6.355956644414795242e+00
5.318180646259635047e+00
5.707135963973736459e+00
7.544276820931363758e+00
7.606009097020224097e+00
5.533016934964745559e+00
6.040144681279737249e+00
6.118221425644294165e+00
5.267833420517137100e+00
6.259671850520315495e+00
5.928000059698026014e+00
5.907982554866975988e+00
7.310344011291174837e+00
9.339053807786161343e+00
6.968732805127503482e+00
5.635455349267052938e+00
6.034259047692359879e+00
5.795416943837338408e+00
7.675729878577973508e+00
5.405693595856122968e+00
7.621646606609745689e+00
6.361486010923410817e+00
5.349397521253543175e+00
5.642114422143945873e+00
6.684309224933554283e+00
5.642440326035566223e+00
5.933604758912315980e+00
5.583713773759244603e+00
5.809019999128322453e+00
5.598902817016603528e+00
7.447499471166398877e+00
7.328475297862612869e+00
5.844125995325144096e+00
5.624098352386026178e+00
5.891628102117572041e+00
6.092175331750204315e+00
9.803307621458150933e+00
5.479743034213432118e+00
5.576583849788118386e+00
6.037134849214903731e+00
6.662047970786884932e+00
5.547252481872424923e+00
6.094515272506870751e+00
5.554737422164039096e+00
5.541394733681476836e+00
5.932268404569497555e+00
5.704214709474612732e+00
9.253685798934890627e+00
6.693161965877210129e+00
5.819076141658658052e+00
5.948024735846150435e+00
6.938709202686940358e+00
5.670094965166095236e+00
5.225308143010109596e+00
5.216146524784353922e+00
5.262013321085230011e+00
5.213596582217929765e+00
7.495933667896926167e+00
5.228246732159158583e+00
5.208456756607550808e+00
7.954246525123403799e+00
7.637287584016741349e+00
7.171055390356182002e+00
5.271514349586120751e+00
5.211725944946247857e+00
5.256895141629354562e+00
7.379274695930058137e+00
7.126346095839574346e+00
5.263213118323708528e+00
5.261856508098162521e+00
5.479666268458398548e+00
5.616478045795908258e+00
7.166642038587568209e+00
5.254347669323513159e+00
5.258387661715387296e+00
5.223705060371719000e+00
7.920045354806268811e+00
7.430240555452617635e+00
5.235272326015809163e+00
7.536541144957681126e+00
1.037922006483083415e+01
5.274463984934120830e+00
1.259527609248655367e+01
7.620131064146997701e+00
8.677247408238669024e+00
5.238501741726266481e+00
5.215797848069519738e+00
5.242261058761211956e+00
8.899402561373339182e+00
7.152965269150937999e+00
7.746153238132533758e+00
5.283158158391546344e+00
1.265399440106016549e+01
5.202540325941358290e+00
5.268407852179533890e+00
9.038586403956820448e+00
9.537683685427479574e+00
5.281622117386215898e+00
5.268265270349444584e+00
6.940594386276893957e+00
7.028066760340201391e+00
8.347439950469933478e+00
5.204427474201154702e+00
5.203559099464582616e+00
7.238443503036615212e+00
5.349419646157776320e+00
5.218513333160221812e+00
8.559511722306805126e+00
7.221953109112745572e+00
5.516325715275261388e+00
5.208832040519799200e+00
7.001224850162663493e+00
5.199883182438137297e+00
5.195201809997373132e+00
8.968054004072346430e+00
5.207755429218468457e+00
5.430148470287487150e+00
6.630554400041335228e+00
6.924065505833983281e+00
6.072336118818964401e+00
5.208838002794102806e+00
5.617488975122964412e+00
5.232558727402944143e+00
5.526907751179537698e+00
5.204634114653119425e+00
5.218462808468595782e+00
6.836406626700879841e+00
5.204734316590730714e+00
5.253016414364877207e+00
6.286826876259146601e+00
5.350946595551158147e+00
7.031607077444146370e+00
5.236849677395761127e+00
5.854191641261087042e+00
5.223062585928872181e+00
5.418953582481978337e+00
6.016106292652531273e+00
5.246676457577226671e+00
5.232823924927970438e+00
5.676106599724775492e+00
5.219961799528087809e+00
5.218188477302555306e+00
5.526128892862047337e+00
7.827715677605596944e+00
5.232455145389588225e+00
5.218870868274607666e+00
6.058907604421255755e+00
5.247003957295865106e+00
5.209563580532918792e+00
5.261017789013768819e+00
9.767804297168833472e+00
6.659733638026031244e+00
7.868792816128650003e+00
7.349022399981641307e+00
7.823639310125020785e+00
5.223663920563908825e+00
6.034299532830417867e+00
6.511223024280123894e+00
7.809089169997853297e+00
7.835277870481919926e+00
5.390866821073817761e+00
9.574419838821533801e+00
9.332086840148310358e+00
7.055421686992112917e+00
7.415608503695652942e+00
8.120085566785746778e+00
5.592491163122897291e+00
8.186460330882628256e+00
7.573021383985413024e+00
7.944359491365390546e+00
5.764313372429697324e+00
5.640441727307428543e+00
8.012322934076825831e+00
7.242387223153988529e+00
9.348501741372263751e+00
8.713675251595539351e+00
7.250525546410040434e+00
7.820193205018740379e+00
5.220666872149572590e+00
5.490600990348490917e+00
7.518796871367456447e+00
6.894297603539357944e+00
5.611956289140959342e+00
6.312667444982660747e+00
9.727674018426826663e+00
7.033993802953977692e+00
7.122824088645732132e+00
8.354124980089249419e+00
8.446421221760818554e+00
7.674755271529124734e+00
9.031093748006693289e+00
7.676724823340696169e+00
9.613448992327045417e+00
8.795139498717423621e+00
7.627991092402795381e+00
7.742048612806518904e+00
8.563212944661080073e+00
6.589973168785043356e+00
7.050704935385104122e+00
8.053914874056884443e+00
5.414747513812668167e+00
9.017874161688144596e+00
8.648731116313426170e+00
8.571548957394877988e+00
7.086860076074293247e+00
9.174229384044465974e+00
6.433214958172333908e+00
8.580197160823392011e+00
8.683057514730320392e+00
8.000100304671018847e+00
6.968271067173484212e+00
8.057527292658047458e+00
6.023641718098554421e+00
5.304494999472245453e+00
8.411313470216777333e+00
9.695617706512129175e+00
7.985419022342667539e+00
6.154979257378646373e+00
7.909175682600090518e+00
8.165661157922611935e+00
5.681802425167313153e+00
6.662640526582667810e+00
7.180408858669746763e+00
8.141854782270884883e+00
7.499805540995795106e+00
5.194386486643316481e+00
5.624849130033522826e+00
7.661856631679704321e+00
8.331025004260560252e+00
1.039396293319913944e+01
1.031731962390441382e+01
7.309526968834708427e+00
8.490752787132405999e+00
6.668423745673324632e+00
8.351412661510856594e+00
7.695390226612145668e+00
8.442082098456076267e+00
8.816198561417879276e+00
7.812842116996506547e+00
7.726909663289337260e+00
5.907670767545211810e+00
6.413165811261938742e+00
7.567027350403526142e+00
6.925209968989773479e+00
5.780681963412799718e+00
6.105230391359104836e+00
6.041472220252479985e+00
5.948282965011014056e+00
6.529648293695426986e+00
6.019456030725859996e+00
6.335768819888740744e+00
5.873762877363610357e+00
5.865776396012069682e+00
5.274913970798009721e+00
5.987633919972735974e+00
6.082737253193110760e+00
6.451568510754473351e+00
9.892228734325783535e+00
7.801451838120851079e+00
6.667355687358912597e+00
5.999393492715018539e+00
6.041873581766855850e+00
5.411725389884757043e+00
6.675179978433060768e+00
6.252795368183398317e+00
5.837206737709981219e+00
7.698249218872486033e+00
5.763239623147272006e+00
6.968860558213256340e+00
1.027723926209500149e+01
9.354624752382186159e+00
7.462146151743778155e+00
6.631697316128130737e+00
5.209205880411124312e+00
6.099353194193376737e+00
8.163639941704539993e+00
5.911512640773935345e+00
6.097442512583787000e+00
6.180965998167994968e+00
6.116200481604634476e+00
5.202668580174945490e+00
6.126413901264543327e+00
5.755893262094355478e+00
6.212900285285135382e+00
5.726513397795692129e+00
5.244873114556286353e+00
6.594332230327420774e+00
6.827928924191882132e+00
7.489041454704089773e+00
5.226746710580631117e+00
5.216097128348762269e+00
5.740870856346647066e+00
7.894849874477463558e+00
6.943209943271113183e+00
5.711613537183990452e+00
5.802434720006616864e+00
7.286742781065745689e+00
6.944807305714070900e+00
6.631838139027603773e+00
5.757950965866601933e+00
1.069300834941984313e+01
6.566942200208549352e+00
6.729704864252957108e+00
6.858895099453318878e+00
8.209256577618923245e+00
7.089587420889801095e+00
7.485563108034666513e+00
6.741812741580019974e+00
5.873691251256905055e+00
5.570838643517540767e+00
5.843894973769804047e+00
7.331102385528160070e+00
7.481578426905414858e+00
1.252408907308207731e+01
5.615422107160351395e+00
6.691108339356642176e+00
6.252914293317676453e+00
5.833153016619927911e+00
6.288558421087312666e+00
6.146028434513337579e+00
6.532957039580949754e+00
5.241497456956481393e+00
6.134420625771596747e+00
6.263011051114771632e+00
6.931143504418761481e+00
6.465437914227596394e+00
5.316622009438399132e+00
6.045627931118318976e+00
5.713542231337095600e+00
6.425531543018381697e+00
6.694594978181772404e+00
6.494188567247092259e+00
6.386970204790798356e+00
6.770127608890257775e+00
6.291415262460615665e+00
7.051150717404203405e+00
7.101825987853430000e+00
7.313350695822662395e+00
8.746090735050170650e+00
6.999846336747841846e+00
7.157188000730049460e+00
5.992393427910377213e+00
5.210116073926561953e+00
8.355282031383257646e+00
8.155392684690777827e+00
9.752672837194136690e+00
9.920344261734898694e+00
9.668642099164575399e+00
8.437224862615218868e+00
6.300257638894096957e+00
6.656585042607714442e+00
6.383248299324202790e+00
8.306721747163537728e+00
7.902254742897104833e+00
8.730420229646048469e+00
5.942842057007157841e+00
7.555197538658324774e+00
8.528827140382087890e+00
7.897534492746476786e+00
7.940475194913820367e+00
6.220316248852250318e+00
7.580178526485848778e+00
6.331811788791047668e+00
5.974576851010644063e+00
6.339095135235664813e+00
8.452434676436860528e+00
8.827578194946658741e+00
6.816500051380351977e+00
7.292567685070705963e+00
8.725393529796967584e+00
8.806728896693144293e+00
8.640634140303166788e+00
9.228487659196945359e+00
6.668528620689164299e+00
7.200369300520906179e+00
6.456050324731595680e+00
6.943878567176462013e+00
6.824507438020921413e+00
5.730876191746395953e+00
5.338554295697750973e+00
6.420017200903565424e+00
5.535284341736969260e+00
6.480216796611963481e+00
6.283935901487287090e+00
6.822558954855255209e+00
7.660902690834456408e+00
6.487924757597853365e+00
7.108778275225042798e+00
7.023084949561509305e+00
5.998152656533782157e+00
7.352929091823193986e+00
5.201744837299687951e+00
6.117880083976602990e+00
6.416333531782679067e+00
5.688786338685405397e+00
6.611376473194686909e+00
6.673955947472698824e+00
6.510026164508957436e+00
5.747704647256193233e+00
5.584531306615517110e+00
7.015183188480318854e+00
6.324532819042733678e+00
6.283984763607665336e+00
1.112281395863949207e+01
8.253870287208146195e+00
5.729934078937990449e+00
6.952202385432142862e+00
5.735621708179135858e+00
6.057629531947087642e+00
5.688696218993791298e+00
1.229552051056613493e+01
5.769079270140040627e+00
6.093196319564348151e+00
6.037217640212516834e+00
1.024667849118190865e+01
5.274874208575301537e+00
5.534306258653621136e+00
5.224101836139972477e+00
6.130542445041696986e+00
6.142163704186620166e+00
5.850844921163638190e+00
5.228023261266855570e+00
5.460412714649742760e+00
5.630424829093522376e+00
5.234484669029633608e+00
6.125708382423546539e+00
8.315056362289313441e+00
5.224042612213533943e+00
5.922878301407810575e+00
6.201685175055568600e+00
5.466823347462026916e+00
7.176788080082235233e+00
6.489583632614976949e+00
5.762107528769381481e+00
5.680467710442393958e+00
6.001884180950044723e+00
5.274870698624718912e+00
6.128672133660638899e+00
6.034090835989893264e+00
9.322817982496491851e+00
1.018887537688981837e+01
9.248986102846165736e+00
8.169083691785289147e+00
9.274496428243871549e+00
9.295334922147562295e+00
8.958312100082567397e+00
1.243791056347858159e+01
1.105031998354736800e+01
9.014978541628540398e+00
8.903028775357480384e+00
9.653904371803607276e+00
6.832664967516299370e+00
8.514548377600988260e+00
9.677751498296427002e+00
1.028169415188746250e+01
1.005473631679705271e+01
1.209738688923613559e+01
9.569562465236893800e+00
9.584496030507882125e+00
9.568088799354882212e+00
9.580826735530747484e+00
6.226998904465522067e+00
8.117641943804569493e+00
8.913185926411088644e+00
8.477438080616657601e+00
8.187454334990148297e+00
6.539196472924663439e+00
8.389997195342706604e+00
6.449508676552248687e+00
6.313677627999332742e+00
6.310236177800109481e+00
8.109733484053274211e+00
6.675701613131963086e+00
7.849997840064204091e+00
8.019600995838237267e+00
7.830790633084857788e+00
6.689199830204552555e+00
9.259241450370772952e+00
1.084510526307828293e+01
6.360142370142689572e+00
1.126907456853674816e+01
8.650244924381773615e+00
7.405837185854744931e+00
1.154890122581589651e+01
9.113993412297169527e+00
6.562824542924984073e+00
8.690422947993168279e+00
5.489347772292969552e+00
6.653437548128357193e+00
7.175929157419801641e+00
9.142973471036075495e+00
5.937649273861804744e+00
7.122296267956319760e+00
1.164864492126003981e+01
9.242028840819276780e+00
6.672345473325163034e+00
8.115339276145178360e+00
7.545321054614281486e+00
7.052510700609266436e+00
5.688846836394039208e+00
1.003254170364425413e+01
9.982702860378125820e+00
6.063347226243754662e+00
7.069652943099130837e+00
1.062009042491915878e+01
1.039850337757049381e+01
7.953587853133385011e+00
6.008316302717842561e+00
7.777087900296681511e+00
9.103413154140971741e+00
5.876581185121133366e+00
7.869029148388751338e+00
1.249663032823895392e+01
5.475769402666154306e+00
7.763841603640036837e+00
7.192373457130909031e+00
5.925107455654829991e+00
5.240390154811988666e+00
5.742516790095512746e+00
1.188053783011917730e+01
5.268986041104983364e+00
6.074247153591047166e+00
1.016925634222109132e+01
8.329047712281829163e+00
5.919686731082776987e+00
6.326441706148304256e+00
6.410004083727059765e+00
7.273504614034479232e+00
9.086885622375625360e+00
1.283298563492755129e+01
9.094582130405443721e+00
9.296464299149086230e+00
1.277922090289075996e+01
8.027519561850221308e+00
9.854580957243024741e+00
1.159140073412003069e+01
9.748147059148612570e+00
1.020592536606258882e+01
9.399743190004228310e+00
1.003624305588381027e+01
8.335474381537675725e+00
8.700678185127898701e+00
7.199310624080233367e+00
8.215532239465886732e+00
9.095586365800285122e+00
8.232333890003857846e+00
7.216416219274822019e+00
1.144693086335914245e+01
9.271294168182118156e+00
8.259174276215173194e+00
7.028410629011038857e+00
1.000018895192322610e+01
7.308252463901297347e+00
7.949473797079876114e+00
1.273122263999202630e+01
9.293948037559683684e+00
1.063172547803329948e+01
5.857853859374845484e+00
7.531253857214882608e+00
8.702395879861033023e+00
1.168630783602886858e+01
9.833933862240792578e+00
7.424214385404734884e+00
8.760629016473203023e+00
9.330289890955036469e+00
8.659183684418014337e+00
8.210435384765727207e+00
8.785498180214176500e+00
7.942169131761616541e+00
8.695384846210682639e+00
8.853489110339317847e+00
6.736107360936969712e+00
7.040467924489338003e+00
5.248938620815184031e+00
1.163073080922217173e+01
6.001126868898735367e+00
1.241518411680802991e+01
6.424993231026498997e+00
6.846175005088394272e+00
7.976263535373242064e+00
8.732437728337806959e+00
6.837186377222199241e+00
8.411863039072073889e+00
7.904958569033157190e+00
9.896535078916700812e+00
9.650919573883150804e+00
9.781614293468738452e+00
8.677332816006691374e+00
1.072247376362250471e+01
1.297726835703569925e+01
9.839409987679472280e+00
1.127211111408487909e+01
1.242507768567710968e+01
7.896445491870045075e+00
9.864175140436536537e+00
1.121364789784808380e+01
9.274937036822196390e+00
1.032208726620430639e+01
1.220825394229530581e+01
9.394957167870691350e+00
7.588263514375731766e+00
5.939090640635708240e+00
1.173048337451941947e+01
1.119100035305576313e+01
9.842828240855993727e+00
1.308731502827125937e+01
9.703705603361299836e+00
9.772432320140758577e+00
1.084397326288805452e+01
1.111397810255618346e+01
9.574335832330191920e+00
1.163738443244261411e+01
1.024730206788866660e+01
7.606340875507337174e+00
8.097835219769022430e+00
7.053632806566513480e+00
1.044100483804207613e+01
8.786824536828245158e+00
7.073532317208117703e+00
1.109837954274107297e+01
1.015788760372414323e+01
9.903128511396392497e+00
1.122576762907807435e+01
1.137174171689441238e+01
9.157107306879403552e+00
8.240502107866449322e+00
8.754388771265949387e+00
8.085075572835490831e+00
9.210862276333610765e+00
1.135184402420661698e+01
7.449553743121761329e+00
6.406359913650882199e+00
1.126701834277672809e+01
9.998923689867453390e+00
5.502459800168971960e+00
1.059528119958793368e+01
9.336057863048978334e+00
1.037049973351239451e+01
8.860007908912878705e+00
9.590897130526329306e+00
5.812896672746729720e+00
9.893855743444223805e+00
7.507851535373953666e+00
8.103966728414464527e+00
1.065800108517583844e+01
7.437837902312939065e+00
1.064846343523902839e+01
9.857481039790418009e+00
1.299640612660081374e+01
1.065434173778283267e+01
1.250194327778379844e+01
7.563445560623661024e+00
6.643220889539657392e+00
1.008938842472259267e+01
1.114060177691127151e+01
1.074199377960083090e+01
7.174154241854331815e+00
8.492090564430117894e+00
7.675069243168454847e+00
6.641028526840877078e+00
1.117747626225964908e+01
1.181163662152554572e+01
5.676139231244944128e+00
7.141069685531212130e+00
8.465911991441334550e+00
8.528808382175263603e+00
5.603830767976487159e+00
6.598415484950087340e+00
8.525252180507386868e+00
7.370606361668436080e+00
5.274220214624216752e+00
7.101606996162310281e+00
6.967194559933639120e+00
1.174663740956185798e+01
8.144520657902154070e+00
1.250650479971141493e+01
9.797781011640921633e+00
7.357493599982558585e+00
9.234178418618956385e+00
6.493837579732663734e+00
1.170741090154020370e+01
9.563008257711734572e+00
5.638477634577597541e+00
8.174357888763561064e+00
7.203352808378543415e+00
1.053585191846154956e+01
6.375212582649715465e+00
8.608146033031053079e+00
6.908588675563542836e+00
8.148312382536438747e+00
7.301471852937039486e+00
9.230467814400903137e+00
1.045170100875447794e+01
9.135999300063417650e+00
1.263963497148573722e+01
1.061453129297933451e+01
8.954772602039440699e+00
9.883200579133974983e+00
5.453740878094681221e+00
7.848641815021585977e+00
7.820442961012120442e+00
9.671517027016616197e+00
6.182127227531499791e+00
8.223737728748668374e+00
6.584660562665222372e+00
7.783762717427148203e+00
8.988579997933879184e+00
7.119440463360485971e+00
1.019420177403529237e+01
8.554871342326286765e+00
6.998378346753495904e+00
9.917629215446440938e+00
9.786529790796633321e+00
1.104990822758911762e+01
7.694881517242128766e+00
1.070430266222227189e+01
1.061751418550306170e+01
1.022223327645498259e+01
8.943044385207425506e+00
1.100684849416907340e+01
9.521308180997223758e+00
1.065715470295980971e+01
9.727580757064265171e+00
1.242203089333703048e+01
1.242920044116302947e+01
1.156693773584092000e+01
1.194395560573030579e+01
1.215198759856796151e+01
1.197308360999992694e+01
1.320244375379225232e+01
6.326228755689668581e+00
8.963340769043190548e+00
8.841194450274798555e+00
8.253844473445845153e+00
7.023708048296349205e+00
1.044111782613719441e+01
8.256353005705097559e+00
1.196116121677007449e+01
1.067645261505201226e+01
1.221683653008203585e+01
5.918284975992635033e+00
1.011291447346170536e+01
5.224381951813715119e+00
1.153945698963775435e+01
5.229295147919138742e+00
1.030656670253817886e+01
7.327384708913838196e+00
1.009482734183597508e+01
1.155446635545407830e+01
1.116420214839744673e+01
8.506321367071038253e+00
1.055016291819192276e+01
9.023880084201437057e+00
1.013136102067271160e+01
1.074371804026941568e+01
1.095434322941687455e+01
1.185490374418665027e+01
1.087482914108131737e+01
1.127473884966086004e+01
9.666373977929445971e+00
1.316698165974298362e+01
1.256004754099522458e+01
5.702523071966799861e+00
8.200558199162003348e+00
8.892706105106936931e+00
7.800948666302399026e+00
6.429794800818693368e+00
8.765839482104043512e+00
6.919799739778783376e+00
8.298218257286423594e+00
8.649577661479378676e+00
9.718091836245157822e+00
1.085510367484575767e+01
9.393056112098342680e+00
9.827650167632093314e+00
1.032151694112262064e+01
1.134512720475410319e+01
1.293986782362968846e+01
5.569943969759903801e+00
7.234209855738820139e+00
1.110431244273234697e+01
1.192263491698734335e+01
7.948667066455048058e+00
6.037667183786875391e+00
1.257461534424733429e+01
7.684454005911200092e+00
9.513140593801995948e+00
9.342573720418300809e+00
7.028438136400144032e+00
7.455555999992972360e+00
1.022934084400525734e+01
9.212212773323377846e+00
9.280437370550219001e+00
1.360282915798782177e+01
5.257757664371937700e+00
7.176458227061377038e+00
9.119280512637628178e+00
7.870044136915734789e+00
5.758303026254664836e+00
7.582362558197173641e+00
6.136926626587992040e+00
7.124884516711189164e+00
6.364475674713804487e+00
8.314419980089972739e+00
9.594469237982204746e+00
6.440204139788388460e+00
1.037894688813872790e+01
9.668114138361893595e+00
9.232124594822922248e+00
9.235824393893597772e+00
5.231379815159691304e+00
7.384530485073562467e+00
7.316673137779857505e+00
6.760582478333724055e+00
5.945420033615281596e+00
7.869535742842860060e+00
6.294095051855085110e+00
7.393110661365387415e+00
6.468080813457357081e+00
8.430086743299559870e+00
9.642258729132617390e+00
8.351943861046050799e+00
1.123393460489273998e+01
1.227800737749970494e+01
9.145009426391442986e+00
1.095311777252272023e+01
7.992185323065574387e+00
1.081020357544960220e+01
1.129183229173094460e+01
1.030523018506689148e+01
9.164635518384493196e+00
1.105675487535587465e+01
9.689919812966209633e+00
1.077906492550943796e+01
1.131193136527875609e+01
1.162455089750368842e+01
1.240569186136976754e+01
1.144647170090291688e+01
1.200732221216135187e+01
1.218894957527311895e+01
1.195105048608913911e+01
1.270476366954320113e+01
9.809422692313791714e+00
1.060204289393508859e+01
1.191194910060228018e+01
8.363087643418388950e+00
1.197233741550125607e+01
8.989520196642475369e+00
1.292020294827394089e+01
1.225271609285940855e+01
1.284518684087935725e+01
1.189468016530848793e+01
1.238013645146072683e+01
1.234430906442804421e+01
1.307837632519452065e+01
1.253796412229188206e+01
1.255664166888933053e+01
9.955152304773084992e+00
1.038750780664006612e+01
8.416352991637555903e+00
1.311112291554738540e+01
7.736280919273893275e+00
1.123776016453134119e+01
1.171020585088556132e+01
1.084355610709073403e+01
9.572162674733160515e+00
1.154986305590306728e+01
1.013145757535278868e+01
1.122366411070910530e+01
1.173561274189018278e+01
1.210441374450205743e+01
1.264783742034193104e+01
1.206285210532105090e+01
1.178640444909967044e+01
1.251389327254242190e+01
1.257393177223965708e+01
1.241213117405805022e+01
1.026071564700817440e+01
7.650925674992516967e+00
1.065059714708207572e+01
1.206985811031916533e+01
8.673221595608969992e+00
1.074931862609446220e+01
9.153404001406343582e+00
1.037478623732413219e+01
1.140656088432771753e+01
1.102874972665890496e+01
1.187702103042456159e+01
1.160951370353282819e+01
1.154456073871825872e+01
1.241213301604416230e+01
1.303677917178477941e+01
1.262704193103232342e+01
5.602263892708887028e+00
5.939364018352454977e+00
7.714386442042974856e+00
8.758129073882733096e+00
8.347425100330372771e+00
9.445304599698886250e+00
7.439148123861114570e+00
7.319147926529359083e+00
6.340710991982065892e+00
8.055377207445895138e+00
7.694814783407801784e+00
8.574172289977598282e+00
1.011122613380162250e+01
8.853535457925541863e+00
9.187909459141664570e+00
1.037697552148447322e+01
7.642833940148665128e+00
6.357633586128257797e+00
1.110078855671012477e+01
1.007839515881808445e+01
5.825905590854172367e+00
7.049172171784706897e+00
1.114744210913610445e+01
6.896910206123545883e+00
8.684571104530299124e+00
7.503250134456466824e+00
5.862098796524634281e+00
9.378945112754990987e+00
9.422537628661135756e+00
7.478861340060111829e+00
8.078739025068285784e+00
7.060603133134453202e+00
9.216114403828090218e+00
9.718307407373123041e+00
8.979225352104585056e+00
1.188892572255281266e+01
1.028260341004715528e+01
7.330981592969542326e+00
1.235570768737889757e+01
6.917983070836474013e+00
1.108842519693954287e+01
9.461629369185091676e+00
1.120365927786011540e+01
1.084432975597643001e+01
6.443203781896446714e+00
6.104581515753614518e+00
6.954752401011342400e+00
6.639257465999592434e+00
8.515493822273729307e+00
8.813192754954533470e+00
9.999195856668197990e+00
1.322098397804785819e+01
6.019741271603846755e+00
9.524754467329707097e+00
8.877228996449098020e+00
9.449661169058266807e+00
5.890354959762824194e+00
1.163369993424749005e+01
1.102193189941381490e+01
1.057888378814611130e+01
1.051874117611333048e+01
1.155046479537303128e+01
5.517600397903599685e+00
7.824292216640955644e+00
8.256107627640414393e+00
1.017188034423188014e+01
6.229964252148559645e+00
8.359528903890003804e+00
6.573855988425199470e+00
7.948500045929669966e+00
9.338730449300202352e+00
8.766683332277040108e+00
9.922681092836130645e+00
9.331499388426781394e+00
9.441225817930707365e+00
1.076341303489651935e+01
1.242680296575533916e+01
1.321699679457717380e+01
5.322547490478103605e+00
7.626899227744541321e+00
8.080897762359214198e+00
1.027143105536093870e+01
6.050477864544984818e+00
8.034377594767718733e+00
6.380771169985393065e+00
7.663498681931503853e+00
9.026659862470317819e+00
8.652210193402144256e+00
9.953513426185368829e+00
9.115906949716844565e+00
9.302905957455296360e+00
1.059957658173880191e+01
1.134238257805405681e+01
1.169160110271739939e+01
6.875616772435246382e+00
9.783393804981313835e+00
1.034288488900332048e+01
9.404007998325692341e+00
8.092958111632729157e+00
1.020286650350890767e+01
8.649639447852869978e+00
9.799016634454973840e+00
1.037910045039700080e+01
1.076640442415763310e+01
1.177442950206745742e+01
1.084736428943475062e+01
1.081067093793416589e+01
1.140171005291723638e+01
1.210145610795356141e+01
1.278635518968129148e+01
6.142905789772200364e+00
9.201538263406702001e+00
9.859762839809489421e+00
8.979308789824022696e+00
7.586687591596514402e+00
9.791981158699496035e+00
8.049916872761873066e+00
9.363766784088930706e+00
9.435113536776695398e+00
9.938254932732967006e+00
1.158714038428895243e+01
1.039117197491299827e+01
1.197619710361535006e+01
1.083061658384693970e+01
1.175829305334519503e+01
1.244234330677537592e+01
1.195576873947826968e+01
1.314893385857490316e+01
1.182145997509829627e+01
1.031099219201325390e+01
1.080853712355885143e+01
1.181372270819541548e+01
1.175168916431217880e+01
1.244199662873380063e+01
1.148185901278264609e+01
9.912904653421236389e+00
1.084680754916394818e+01
1.339582436746283989e+01
1.139075597762295544e+01
1.225776133660535550e+01
1.286287125129294751e+01
1.233661851694046874e+01
1.251089186186154834e+01
1.117946178031943560e+01
1.282284636798267563e+01
1.299110701754251096e+01
1.263096188831902644e+01
1.187224586318290420e+01
1.270003411880847111e+01
1.327296667698573707e+01
1.262593497842630796e+01
1.292007229214475394e+01
1.202836525756070252e+01
1.039529590017579253e+01
1.306157609734569824e+01
1.256088612303136109e+01
1.177852945494338321e+01
1.237269098806981305e+01
1.121031937664444911e+01
9.398213857623003875e+00
1.001753100896498694e+01
1.095491561473386000e+01
1.111420508316788691e+01
1.193335996624700002e+01
1.121402927481450540e+01
9.669041713276358863e+00
9.948245761263075693e+00
1.152614806845627093e+01
1.121134282962657913e+01
1.220075370252678226e+01
1.276225143099334147e+01
1.191586725725419171e+01
1.272735674967304043e+01
1.212360447464654634e+01
1.302858157177908005e+01
1.332496508154046388e+01
1.264492414060805814e+01
1.282479317156430199e+01
1.073657387128109875e+01
1.297204086534338785e+01
1.241125393219824957e+01
1.077152130699047738e+01
1.305481960332162394e+01
1.293583529092397555e+01
1.084137636234877355e+01
1.180677596921654704e+01
1.268637009947555327e+01
1.292829171004539468e+01
1.297414030488367587e+01
1.288148368695153323e+01
8.590539405927289707e+00
6.158171748519169597e+00
1.061604357320200265e+01
8.424984047613236271e+00
6.872606530802658931e+00
9.199604197213229639e+00
7.374545524777613714e+00
8.737229873092926979e+00
8.964556666743566993e+00
9.393132267994733553e+00
1.081035703684165838e+01
9.731047385414511197e+00
1.016289804283136888e+01
1.178093560680478546e+01
1.177878053967607208e+01
1.222424526491916907e+01
6.215750816742140472e+00
9.024480191901483650e+00
9.622128368161304124e+00
8.617809852886901822e+00
7.236641240788264540e+00
9.402494574277046269e+00
7.804271797138873978e+00
9.011235089611290050e+00
9.404844284369819007e+00
1.006876688878144499e+01
1.114702773352969700e+01
1.004655773599045254e+01
1.288402959842282236e+01
1.080815570512443102e+01
1.045695042845458467e+01
1.292790375598246655e+01
1.149030812259903556e+01
9.776459683497430220e+00
1.257916701112066882e+01
1.239335775140035345e+01
1.231139263761156322e+01
1.077562691186930621e+01
1.295401077854225669e+01
1.309115095147344832e+01
1.202271850317627511e+01
1.243175098100719822e+01
1.270743853885384667e+01
1.150012597999793584e+01
1.294930652944101190e+01
1.312135949742090801e+01
7.664768195032012343e+00
8.417067976955818764e+00
1.087733884921740923e+01
1.217134984993130686e+01
1.164391741605556874e+01
1.112379612045643640e+01
7.610794212824576910e+00
8.537936684371148388e+00
1.042662198965873799e+01
1.237774132708987374e+01
1.188520683854961213e+01
1.124468937011448233e+01
1.289151641673577586e+01
1.225493841226283820e+01
8.419142133683704898e+00
9.786369859238288171e+00
1.154880334082391258e+01
1.188646409607102683e+01
1.239852015965559673e+01
1.167613086956686530e+01
8.097858026847271518e+00
9.369065128775371676e+00
1.206650845046342901e+01
9.505397769354399173e+00
1.264739716386500845e+01
1.269008760599850483e+01
1.251599772297755564e+01
1.154198990916730594e+01
1.167263479052431130e+01
1.283369903235152520e+01
1.247341133802251889e+01
1.275693275436126761e+01
1.246864840255882179e+01
1.120123424194219908e+01
1.224673087715644293e+01
1.317320056742382306e+01
1.237656021696947661e+01
1.257086604397770202e+01
1.197876546450691748e+01
1.318882893720148708e+01
1.324544955423203518e+01
1.121047886469132848e+01
1.292477989412815553e+01
8.935068792974263374e+00
1.312545471461538860e+01
1.310009876990130273e+01
1.244155840513483469e+01
1.328032481179855928e+01
1.183274633133873088e+01
1.285168620374716575e+01
1.310662664591212234e+01
1.028751894977310499e+01
1.076286864684266931e+01
1.221859203181903020e+01
1.086374217124382113e+01
1.182302815165717291e+01
1.303076057531423970e+01
1.207281333111624200e+01
1.252302327937617754e+01
1.268842918118053475e+01
1.267952505310180911e+01
1.242485325398198626e+01
1.200601397101812218e+01
1.211709580112133011e+01
1.085899310060156253e+01
1.269748478757580301e+01
1.331908800527316572e+01
1.194483383789186348e+01
1.243900468251959168e+01
1.237956178577012878e+01
1.311004908906923738e+01
9.227043850819217852e+00
1.006410312601686385e+01
1.216059132520213915e+01
1.291925057872400551e+01
1.310125362623939616e+01
1.185241541780154684e+01
9.436037768366686507e+00
1.030465847441798566e+01
7.393165983913281281e+00
1.293719833092487903e+01
1.294943727408065470e+01
1.195460322169085465e+01
1.252684687822893750e+01
1.313373379215868297e+01
1.305329631632584153e+01
1.273071638673341965e+01
1.238894731164987562e+01
1.123921636239627020e+01
1.304661046659707857e+01
1.359765363149163520e+01
1.302428810755925070e+01
1.309333323744265343e+01
1.294122813423571827e+01
1.058850807759021428e+01
1.293369114961723021e+01
1.292636312366109763e+01
1.250644898943077621e+01
1.291664819032950007e+01
1.150522274625574681e+01
1.238035096068399454e+01
8.154546585284673910e+00
1.265149491702494089e+01
1.309758610384790778e+01
1.275528480479622928e+01
1.322964689831218266e+01
1.265706355046190978e+01
1.359996338050857823e+01
1.071349873516492934e+01
5.268541024229693726e+00
6.359144753647052006e+00
8.513114388887975892e+00
1.295515232874647538e+01
9.772801315683468104e+00
1.312318816818767431e+01
1.130327735482680396e+01
1.296813825901287132e+01
1.327416521830704710e+01
1.230081231708676093e+01
1.306766249281092840e+01
1.311910363068097851e+01
1.352884602386505009e+01
1.291039961278854165e+01
1.300229885867658552e+01
1.285758382989001625e+01
1.289590095725521657e+01
1.337889541719560427e+01
1.284176269563114836e+01
1.281778216556555350e+01
1.302486928828382773e+01
1.323406813915929803e+01
1.302396848720310629e+01
1.293410602742256721e+01
1.172085945589327416e+01
1.312940538965514747e+01
1.308579358919298308e+01
1.325909513617160584e+01
1.317914947691067695e+01
1.280563614721723731e+01
1.352509398473124413e+01
1.281676341937351360e+01
1.305889198332185330e+01
1.321904723661732106e+01
1.282866405902266749e+01
1.289213134021385088e+01
1.333549039016835280e+01
1.301741870783425625e+01
1.265104337954631930e+01
1.054830105486581893e+01
1.283367813744881758e+01
1.248951873099459320e+01
1.343051757466319529e+01
1.300945849427644774e+01
1.062510516479036760e+01
9.046828899141150515e+00
1.252003681558095138e+01
1.302142503154710340e+01
1.300032292601711958e+01
1.259045860188204990e+01
1.329975266512788679e+01
1.313940168939568665e+01
1.340144764144669054e+01
1.323658338329344630e+01
1.325989970787076722e+01
1.262201602370962839e+01
1.301644999085101873e+01
1.293775333923692372e+01
1.327339166586027197e+01
1.318544156519667609e+01
1.347896132539375458e+01
1.295339998223937350e+01
1.351804615728190484e+01
1.298466408899864533e+01
1.313957141613572688e+01
1.295026131909391509e+01
1.331664487420668408e+01
1.279297137403542095e+01
1.177834358657550595e+01
1.349304416592320699e+01
1.185845760506206759e+01
1.269645535894359867e+01
1.277374003790197854e+01
1.298074066145151662e+01
9.980628093456878958e+00
1.169691711009874702e+01
1.245960359434869424e+01
1.321310525703672134e+01
1.337989361826907242e+01
1.324977629370223298e+01
1.022911224383185491e+01
1.192757992541780965e+01
1.248101361909010265e+01
1.326243401287637269e+01
1.295803247781336509e+01
1.312246020059627583e+01
1.293542498170942068e+01
1.303736516291486680e+01
1.190477300506903013e+01
1.287596921269332029e+01
1.301646022587113549e+01
1.130785077537510830e+01
1.298009126248630629e+01
1.322497900177020114e+01
1.252619968136841599e+01
1.304397406403046844e+01
1.330708535486767730e+01
1.326759477111831131e+01
1.307433930545201228e+01
1.300442404951023079e+01
1.311392472154231292e+01
1.309983774903015430e+01
1.303405426460834349e+01
1.196204857573158442e+01
1.247151472050365228e+01
1.000115786995677958e+01
1.323297064308713544e+01
1.350850716481886593e+01
1.316510546666784442e+01
1.250760707346147171e+01
1.346980801159358165e+01
1.253101751794231689e+01
1.311659714178624014e+01
1.357471563467229991e+01
1.302273761049923806e+01
1.243089506669281263e+01
1.340457082265104205e+01
1.329629452395411349e+01
1.346197988731753270e+01
1.308082885868752143e+01
1.342552095916589749e+01
1.325437358662843046e+01
1.322668613144043626e+01
1.305569413649918253e+01
1.321007999017150780e+01
1.337416667442758822e+01
1.274509938280773724e+01
1.342779741901474999e+01
1.316032026914899866e+01
1.291357630012509539e+01
6.007047553825845654e+00
1.335729413757229267e+01
1.320649944148538069e+01
1.358393099839797458e+01
1.310060277095372427e+01
1.321263688575720074e+01
1.327366351668623423e+01
1.332987151115459667e+01
1.337875382121602641e+01
1.318784898874918809e+01
1.330755003279420201e+01
1.317530633101000426e+01
1.326192902057241341e+01
1.323302109458133557e+01
1.341626279560475155e+01
1.340421449237381779e+01
1.327647093672802825e+01
1.190615939671688039e+01
1.278587111752685956e+01
1.317986225491927854e+01
1.343769892195219740e+01
9.829105803518311646e+00
1.169135921850728721e+01
1.347549419719637775e+01
1.337329211714784449e+01
1.244524387402384136e+01
1.298985448572802071e+01
1.353612622837483670e+01
1.359338023217434177e+01
1.136695460394084733e+01
9.035872965377606647e+00
1.339201564795247990e+01
1.322761181781373629e+01
5.210809828482507733e+00
1.278259421970271248e+01
1.317146529932586319e+01
1.337596882346107563e+01
1.259054194936155646e+01
1.242984859072553405e+01
1.352779798331853733e+01
1.356008700564123970e+01
1.313454503907457216e+01
1.289165223551681017e+01
1.320792691678138553e+01
1.213650749660613215e+01
6.151501106739853952e+00
7.061708747288859556e+00
6.672287518096335468e+00
5.255641391403012896e+00
5.393832627233869914e+00
9.087739406257366426e+00
5.282922080643871254e+00
1.081536597767178165e+01
7.969729795300650288e+00
1.287317278393747344e+01
1.193785973144558987e+01
1.318975186444911785e+01
1.039406836964538705e+01
1.327395037638099673e+01
1.333991438136962770e+01
1.275617797970861211e+01
1.318061996217593901e+01
1.345744945960578498e+01
1.360022141048388278e+01
1.309610181650736394e+01
1.312979898182423000e+01
1.356220403175200850e+01
1.359111574026578850e+01
1.360208625875576871e+01
1.358201398947935346e+01
1.317807917921598282e+01
1.357616319702035668e+01
1.334145241703437179e+01
1.292489659519788958e+01
1.356514852746674649e+01
1.318802376880912597e+01
1.359262271374652897e+01
1.350992529724459956e+01
1.150261797170534450e+01
1.296590741918289424e+01
1.344302793118030159e+01
1.354086829892495025e+01
1.353615471614816634e+01
1.350004642785077991e+01
1.065561381912371175e+01
1.240168119584810569e+01
1.237519094791315055e+01
1.298597959209539354e+01
1.274666378226300267e+01
1.327878347790772651e+01
1.336045050217309083e+01
1.350167659930210107e+01
1.328757594196153846e+01
1.327141277141282849e+01
1.326911375264934989e+01
1.316289052883996469e+01
1.334780767563765380e+01
1.226057937017752586e+01
1.276321271509048572e+01
1.282832392431463475e+01
1.314707724987187198e+01
1.316940364971090816e+01
1.324459959141951160e+01
1.350359031965672152e+01
1.334549729759749148e+01
1.315306724487082057e+01
1.325767375017951721e+01
1.354241044878084566e+01
1.348658062910227073e+01
1.238200668563385776e+01
1.345533300699912616e+01
1.341726128390285133e+01
1.315271579983169303e+01
1.339005657433308905e+01
1.336389565133326762e+01
1.308347889926979413e+01
1.284112777617216850e+01
1.360034748189771037e+01
1.341028969525004655e+01
1.346092931914883728e+01
1.334182433965371040e+01
1.346246599281534984e+01
1.330322344245822030e+01
1.317488894197916238e+01
1.351191845937799130e+01
1.305874112541361320e+01
1.329482476172155181e+01
1.360195122357173503e+01
1.350659261193136729e+01
1.359010756458329894e+01
1.317974541342524475e+01
1.360069238965796146e+01
1.352469196814946173e+01
1.358026183141950227e+01
1.360197543443897494e+01
1.311673557428118642e+01
1.203989411806826304e+01
1.340818445735605025e+01
1.312290655276484763e+01
1.324921318814269000e+01
1.315353675514607623e+01
1.358230435526739832e+01
1.317275107665810197e+01
1.353959685620771225e+01
1.359758638525767083e+01
1.320782335224807369e+01
1.351686616133149599e+01
1.358185955813462087e+01
1.332001509667334460e+01
1.358812751976008926e+01
1.333999283625194110e+01
1.358463515951358502e+01
1.358686784131180580e+01
1.354464319337947487e+01
1.359994946694752471e+01
1.315840410146652673e+01
1.359507460629643916e+01
1.335862946526973971e+01
1.358946844677954857e+01
1.357819598271301764e+01
1.347719398285438253e+01
1.353334228098918857e+01
1.254110118777236593e+01
1.360367155443037568e+01
1.355678191580284420e+01
1.353564037720359714e+01
1.357990542402558809e+01
1.350271117752833305e+01
1.340784704282759598e+01
1.358325266196546011e+01
1.359563409076738338e+01
1.329997702596354969e+01
1.350745302293642425e+01
1.334018767314936582e+01
1.344906240366395878e+01
1.353660043913344424e+01
1.207305814443215297e+01
1.355692700901066416e+01
1.340805300172239178e+01
1.133274555620092272e+01
1.023402709969843372e+01
1.148112405668547176e+01
1.351287941750275046e+01
1.357820267640705048e+01
1.358408581202249366e+01
1.325050138195315874e+01
1.347435544097010585e+01
1.345219278152394082e+01
1.347154696268792939e+01
1.232718786739534167e+01
1.335220950864500367e+01
1.360213366090669140e+01
1.246244181008215257e+01
1.339771104581378580e+01
1.359545669385893518e+01
1.359696349621730782e+01
1.337828712780801865e+01
1.356260538757124934e+01
1.301924589987129188e+01
1.302404416346376337e+01
1.061135942325805281e+01
1.084408920706964174e+01
1.254066555833349028e+01
1.182212808077979282e+01
1.339450557977610146e+01
1.311737831375755192e+01
1.318733664607820977e+01
1.262579152121054094e+01
1.322140766958706237e+01
1.350447881912202419e+01
1.345299646029428331e+01
1.359668034531943981e+01
1.348014403061745270e+01
1.219169817044705795e+01
1.343027612240693003e+01
1.352540100220772956e+01
1.323587929892554271e+01
1.283637190502663472e+01
1.343792408241440661e+01
1.349814542418006269e+01
1.188205847505877344e+01
1.124737373868665280e+01
1.094993037153236237e+01
1.281328145121132955e+01
1.086000907217545475e+01
1.358839959528163632e+01
1.287201547405457802e+01
1.304160486799562513e+01
1.174151242146135132e+01
1.236789073525569904e+01
1.295708368249742115e+01
1.041143739582414973e+01
1.357975437057744905e+01
1.340136476325790404e+01
1.195528736339560538e+01
1.346751708606798204e+01
1.309188813351145164e+01
1.180294656478487525e+01
1.286505415682312758e+01
1.199245130663608272e+01
1.005928679297010930e+01
1.129578961804987358e+01
1.259605557213150462e+01
1.061915116385237567e+01
1.232593061663860823e+01
1.358600854622347498e+01
1.276052768747383936e+01
1.069837523881376740e+01
1.183150574338623784e+01
1.183982194302408253e+01
1.142890149404392375e+01
1.135575399926009688e+01
1.076633227867556464e+01
1.124200460297175219e+01
1.087456889478725408e+01
1.007372743801828463e+01
1.275547182869060947e+01
1.038886218668827333e+01
1.029455121775536064e+01
1.028357207563039211e+01
1.004648901201654176e+01
1.352120311248085471e+01
1.322129122879605134e+01
1.342481739167082466e+01
1.303213728235754232e+01
1.358120017454913153e+01
1.359458591937485572e+01
1.336168913749531484e+01
1.343413685183875472e+01
1.307595328995276240e+01
1.115881183579887548e+01
1.342381887128321338e+01
1.207488502149441700e+01
1.248066646448958217e+01
1.346820002169751618e+01
1.345014856917770629e+01
1.340011729258245055e+01
1.289647384140620012e+01
1.358405069906808826e+01
1.307034795443117403e+01
1.310777568034188789e+01
1.238931354565828968e+01
1.087228691012571602e+01
1.260834317860637555e+01
1.286716147104099761e+01
1.270979150930743984e+01
1.353655110958201568e+01
1.358655680402199017e+01
1.162800369746173601e+01
1.248353868632150920e+01
1.031154670185685518e+01
1.171111209393359687e+01
1.215547944035919237e+01
1.321948380666555778e+01
1.182310777507942134e+01
1.140596856034618156e+01
1.007150865598280376e+01
1.005226134996231480e+01
1.019642170090668287e+01
1.345787712354286825e+01
1.359736753205976356e+01
1.263171285510727060e+01
1.328375740021104967e+01
1.330587436899195453e+01
1.356313204389051918e+01
1.359309996090216011e+01
1.223950621791916404e+01
1.271491010428110435e+01
1.307662042818935788e+01
1.004866253710799207e+01
1.047189234361984234e+01
1.103751889928770957e+01
1.162715497449995539e+01
1.286784054794880738e+01
1.062785113445865548e+01
1.095194309032941860e+01
1.088444210008073476e+01
1.099387024819007763e+01
1.286816105274103883e+01
1.327443104727895573e+01
1.338760797276132308e+01
1.358602378306801661e+01
1.009002866253043962e+01
1.265064232494962582e+01
1.238386614491626325e+01
1.043738689723002722e+01
1.009219635316737751e+01
1.028985519945452154e+01
1.132278916944378366e+01
1.185802788832084786e+01
1.008289365677028115e+01
1.022737487486955388e+01
1.256879069588288367e+01
1.082358960162023465e+01
1.009157366993247074e+01
1.093205408336334195e+01
1.010039195002710244e+01
1.042263606836964840e+01
1.269377801619672930e+01
1.125808716772207418e+01
1.360121076647474858e+01
1.352618593006045700e+01
1.330149909403035657e+01
1.147298656005765238e+01
1.137362540012714973e+01
1.026818620061332865e+01
1.301727629756696736e+01
1.062419411844887129e+01
1.347301784677554615e+01
1.342172397992425736e+01
1.105787877706687361e+01
1.263110732081416288e+01
1.075351487010703266e+01
1.213318757085434108e+01
1.004907216504668810e+01
1.041606277377771228e+01
1.285943438499335834e+01
1.224550725306006527e+01
1.014670491469441060e+01
1.008941634750921779e+01
1.015871866973603410e+01
1.150544571376974012e+01
1.041044087390839046e+01
1.189789398869649872e+01
1.183986803432451040e+01
1.210939676606330551e+01
1.315360383428156865e+01
1.156020054734796076e+01
1.096047192762828359e+01
1.039171400028670611e+01
1.181158577356713479e+01
1.020727423156091263e+01
1.252377066008377859e+01
1.105278336484656698e+01
1.008096140906335592e+01
1.299734702842206069e+01
1.050202658759865315e+01
1.295959628456854063e+01
1.173091640370020983e+01
1.030670539048136192e+01
1.033505037369133461e+01
1.353104727121552564e+01
1.288666140465441678e+01
1.097224614360443695e+01
1.083195659315194526e+01
1.336619397150327160e+01
1.347404245118429245e+01
1.018872501057991542e+01
1.073474959102534321e+01
1.041804810719149899e+01
1.028005306762154802e+01
1.007481640424856373e+01
1.011667767887142766e+01
1.025104113545041429e+01
1.005044103995302329e+01
1.081618283252535662e+01
1.124895434611056899e+01
1.332067941342357642e+01
1.114567046964002017e+01
1.169339379260269851e+01
1.153297723034245514e+01
1.010320048179025676e+01
1.010249722116835436e+01
1.099498308360357868e+01
1.189862204258543343e+01
1.156655714445814453e+01
1.041804810719149899e+01
1.060446568519978783e+01
1.019206791702567827e+01
1.008841934357392489e+01
1.008606624361086368e+01
1.043290260114264356e+01
1.015669095726520510e+01
1.080072961896292583e+01
1.029913086450266491e+01
1.037868323381290026e+01
1.041690319773148410e+01
1.041716364009522522e+01
1.043149937034448804e+01
1.005761314864190403e+01
1.008968497670426068e+01
1.037258015127280331e+01
1.110793481258268045e+01
1.015414909452438863e+01
1.007985377847360375e+01
1.031065321606211427e+01
1.039114892991904782e+01
1.041884680694183807e+01
1.140494764508380321e+01
1.125352360080292513e+01
1.100846639728268705e+01
1.008157428095545427e+01
1.041804810719149899e+01
1.013514280391319566e+01
1.103854457569386049e+01
1.032555617343268572e+01
1.041804810719149899e+01
1.041850409006578815e+01
1.041585544451687539e+01
1.009731697070568401e+01
1.014252414480916542e+01
1.334652655924869435e+01
1.027380281719469757e+01
1.186030513543766318e+01
1.015106713603884003e+01
1.041789149249635571e+01
1.043181602343003433e+01
1.031385897279386832e+01
1.028361584563316811e+01
1.041804810719149899e+01
1.039190015365330311e+01
1.042382760447278400e+01
1.103989593380315881e+01
1.037429284460880297e+01
1.043100213877872484e+01
1.334032601941349583e+01
1.009911896673217235e+01
1.024893158958938777e+01
1.006133719109760349e+01
1.041804810719149899e+01
1.041804810719149899e+01
1.013028307120390892e+01
1.031131482584200931e+01
1.041683787638565839e+01
1.010596828057695262e+01
1.043741256156863528e+01
1.052156169328989677e+01
1.041804810719149899e+01
1.041655262070851151e+01
1.007595688751694318e+01
1.010254506202008074e+01
1.007169570058594310e+01
1.047622321942417400e+01
1.043005292164785480e+01
1.024514901251384913e+01
1.031892304239755020e+01
1.032789345737641540e+01
1.056532293814014345e+01
1.023839735366883197e+01
1.006462493447687123e+01
1.009898138125807066e+01
1.262335861916226065e+01
1.041561150837503469e+01
1.007084676301822412e+01
1.020568485238717038e+01
1.007806563307586778e+01
1.004851817503506162e+01
1.043271163867008866e+01
1.003976817284325307e+01
1.041804810719149899e+01
1.008463430496617441e+01
1.023335115459767408e+01
1.031639691941952641e+01
1.033291899477420905e+01
1.041739640531287669e+01
1.008126347446319571e+01
1.031895539438980869e+01
1.042451699979871194e+01
1.042465655664933166e+01
1.042686008059880720e+01
1.042961557459397426e+01
1.041804810719149899e+01
1.054850477353106264e+01
1.045611651620487947e+01
1.039070532874272246e+01
1.008647896785052467e+01
1.009219982979447749e+01
1.031518858101680358e+01
1.038947770289538219e+01
1.041804810719149899e+01
1.043355429972281456e+01
1.041629053626470025e+01
1.041521965508317393e+01
1.042222340321592355e+01
1.072716987587484994e+01
1.021425254137346883e+01
1.015407593175137535e+01
1.057102733778490489e+01
1.021735826508069067e+01
1.006888993356634820e+01
1.041561886209119336e+01
1.043313544473377874e+01
1.029329551449411007e+01
1.025304766300875770e+01
1.309167435557321468e+01
1.141331055382214288e+01
1.082325048948196056e+01
1.006760685923034337e+01
1.205664176761328932e+01
1.004323962270428794e+01
1.023969966351413952e+01
1.041804810719149899e+01
1.219280603756590331e+01
1.045171029049837763e+01
1.004846916303859672e+01
1.040860135396173902e+01
1.155133786977682497e+01
1.019403787558704977e+01
1.006516902035320804e+01
1.042035180803517136e+01
1.119150191900121527e+01
1.050472308599365334e+01
1.266862924402586188e+01
1.101295185626809037e+01
1.093535639015321692e+01
1.255121855470711090e+01
1.041804810719149899e+01
1.041804810719149899e+01
1.041604028220752731e+01
1.041804810719149899e+01
1.007534633845775396e+01
1.041804810719149899e+01
1.041804810719149899e+01
1.038773057540125322e+01
1.042292930484839175e+01
1.029327688554545972e+01
1.042578590507370961e+01
1.023586427637322593e+01
1.041804810719149899e+01
1.041028211298301542e+01
1.041804810719149899e+01
1.041804810719149899e+01
1.041536658324370990e+01
1.041804810719149899e+01
1.041709855461725454e+01
1.041678905289240298e+01
1.041804810719149899e+01
1.041582010588764184e+01
1.041804810719149899e+01
1.041804810719149899e+01
1.042255656399613883e+01
1.041804810719149899e+01
1.041804810719149899e+01
1.041804810719149899e+01
1.041804810719149899e+01
1.041804810719149899e+01
1.041804810719149899e+01
1.041804810719149899e+01
1.041804810719149899e+01
1.041804810719149899e+01
1.041804810719149899e+01
1.041953824878182644e+01
1.043358692435463375e+01
1.041275906702549570e+01
1.043184150606948890e+01
1.041804810719149899e+01
1.006861172807269433e+01
1.035378541578212719e+01
1.036176718908538952e+01
1.041579464719374570e+01
1.043084026518313934e+01
1.042027337334254611e+01
1.041804810719149899e+01
1.041557671349803016e+01
1.179148501298479879e+01
1.082039469816000476e+01
1.080500680723707774e+01
1.092615415534621448e+01
1.019451468460887433e+01
1.157648558629185587e+01
1.042806364741502279e+01
1.041535901263538300e+01
1.042596891673577275e+01
1.041831712866063242e+01
1.042791592775018295e+01
1.041798203064274198e+01
1.041763973235480378e+01
1.041804810719149899e+01
1.043374115189304874e+01
1.041940033046888203e+01
1.041753918321020755e+01
1.041570560444216298e+01
1.041804810719149899e+01
1.041804810719149899e+01
1.041804810719149899e+01
1.041804810719149899e+01
1.041804810719149899e+01
1.041804810719149899e+01
1.041804810719149899e+01
1.041804810719149899e+01
1.041804810719149899e+01
1.041804810719149899e+01
1.041804810719149899e+01
1.041804810719149899e+01
1.041804810719149899e+01
1.041790505515937326e+01
1.041804810719149899e+01
1.017259461769054063e+01
1.041804810719149899e+01
1.041778432853202929e+01
1.041804810719149899e+01
1.041804810719149899e+01
1.042986413515865607e+01
1.032884110083566931e+01
1.041536219303200461e+01
1.225957493069654092e+01
1.067890854603146877e+01
1.326279302324190645e+01
1.184058672871313433e+01
1.021580043865566978e+01
1.009113012021301259e+01
1.043250355261588069e+01
1.041762286284655659e+01
1.033730932241477340e+01
1.008399949617336233e+01
1.009305656644907501e+01
1.031380245393746797e+01
1.042866352068019964e+01
1.020288654169594622e+01
1.321357767552549589e+01
1.099090315494352232e+01
1.192438171109587230e+01
1.149278828396992047e+01
1.037962194614256717e+01
1.115204151083973727e+01
1.038689801971916538e+01
1.028640330925769497e+01
1.005870605691810482e+01
1.009260878708170850e+01
1.010940690825138333e+01
1.007838175824569937e+01
1.042028256653318152e+01
1.041804810719149899e+01
1.013922079117745234e+01
1.041804810719149899e+01
1.023300174894406389e+01
1.026866518723662125e+01
1.032132595069885461e+01
1.042688699305028166e+01
1.019381300165280102e+01
1.033505876067141749e+01
1.043322872017359160e+01
1.041804810719149899e+01
1.006690242196567553e+01
1.042719196823541417e+01
1.029282451887167404e+01
1.007820614848881924e+01
1.041571139963015113e+01
1.041804810719149899e+01
1.043013705015167680e+01
1.041719365510225970e+01
1.041804810719149899e+01
1.041675937514506600e+01
1.043109861292958662e+01
1.041606990389842657e+01
1.030973386744806852e+01
1.041735643996042171e+01
1.041804810719149899e+01
1.041804810719149899e+01
1.024587878189293733e+01
1.043066114192042626e+01
1.006802755815088801e+01
1.034720126935879669e+01
1.041559929199255308e+01
1.042693272862199549e+01
1.042579389978070026e+01
1.041598401684314190e+01
1.041804810719149899e+01
1.041804810719149899e+01
1.041804810719149899e+01
1.041804810719149899e+01
1.041804810719149899e+01
1.041804810719149899e+01
1.041804810719149899e+01
1.041804810719149899e+01
1.041804810719149899e+01
1.041804810719149899e+01
1.041804810719149899e+01
1.041804810719149899e+01
1.041804810719149899e+01
1.041804810719149899e+01
1.034538072323742597e+01
1.043166364444593341e+01
1.041804810719149899e+01
1.041804810719149899e+01
1.042467443403910465e+01
1.004164074885261826e+01
1.023452676240069259e+01
1.042609818268060273e+01
1.041804810719149899e+01
1.041804810719149899e+01
1.042004282131103921e+01
1.041804810719149899e+01
1.041761081544612644e+01
1.041804810719149899e+01
1.041804810719149899e+01
1.041804810719149899e+01
1.041784530183094759e+01
1.041804810719149899e+01
1.041744532608439222e+01
1.041804810719149899e+01
1.041804810719149899e+01
1.041742689917183640e+01
1.041804810719149899e+01
1.041804810719149899e+01
1.041804810719149899e+01
1.042484141099453154e+01
1.041804810719149899e+01
1.041804810719149899e+01
1.041804810719149899e+01
1.041804810719149899e+01
1.043164179469621189e+01
1.041544955741120759e+01
1.041746622781612075e+01
1.041731844666320939e+01
1.041804810719149899e+01
1.041804810719149899e+01
1.042594041627078560e+01
1.041804810719149899e+01
1.042093500373790782e+01
1.041828193729547891e+01
1.013521006658338308e+01
1.041804810719149899e+01
1.041804810719149899e+01
1.041302698676502558e+01
1.041804810719149899e+01
1.041670319534511435e+01
1.041534284712523117e+01
1.041804810719149899e+01
1.041804810719149899e+01
1.041610636687536484e+01
1.029392836133740019e+01
1.043119764979293862e+01
1.028343738466541879e+01
1.041340473489385943e+01
1.041804810719149899e+01
1.041804810719149899e+01
1.041804810719149899e+01
1.041930008178912814e+01
1.041804810719149899e+01
1.041804810719149899e+01
1.041804810719149899e+01
1.041804810719149899e+01
1.039007811960871486e+01
1.041804810719149899e+01
1.041654920773448900e+01
1.041804810719149899e+01
1.041804810719149899e+01
1.033657519657426427e+01
1.041804810719149899e+01
1.041804810719149899e+01
1.041804810719149899e+01
1.041804810719149899e+01
1.041804810719149899e+01
1.043288628888657499e+01
1.041618061116610683e+01
1.041804810719149899e+01
1.041756298233185341e+01
1.041804810719149899e+01
1.041804810719149899e+01
1.041804810719149899e+01
1.041804810719149899e+01
1.041804810719149899e+01
1.041804810719149899e+01
1.041804810719149899e+01
1.041804810719149899e+01
1.041804810719149899e+01
1.041804810719149899e+01
1.041804810719149899e+01
1.041804810719149899e+01
1.041804810719149899e+01
1.041804810719149899e+01
1.041804810719149899e+01
1.041804810719149899e+01
1.041804810719149899e+01
1.041804810719149899e+01
1.041804810719149899e+01
1.041804810719149899e+01
1.041804810719149899e+01
1.042734382245434688e+01
1.038186042805188514e+01
1.041659364836748658e+01
1.044539359967592240e+01
1.120147944267962714e+01
1.141241366046023131e+01
1.048571348874593845e+01
1.121380266015074412e+01
1.088589569709510130e+01
1.008468263934173592e+01
1.042810073451312824e+01
1.016713126926682875e+01
1.007384642006486786e+01
1.009559202850184967e+01
1.025766552408224008e+01
1.039497500922924900e+01
1.034799578474093273e+01
1.010425113167038269e+01
1.004847377074633030e+01
1.017162977494103515e+01
1.006836106358288774e+01
1.051656520308572595e+01
1.041804810719149899e+01
1.028074015329396929e+01
1.010556034927058633e+01
1.043150855611462013e+01
1.041804810719149899e+01
1.041804810719149899e+01
1.041687374045399395e+01
1.041657622906292779e+01
1.041804810719149899e+01
1.041804810719149899e+01
1.042873375113182277e+01
1.043211831931295563e+01
1.041804810719149899e+01
1.041804810719149899e+01
1.041804810719149899e+01
1.041804810719149899e+01
1.041804810719149899e+01
1.041804810719149899e+01
1.041804810719149899e+01
1.041804810719149899e+01
1.041804810719149899e+01
1.041804810719149899e+01
1.041804810719149899e+01
1.041804810719149899e+01
1.041804810719149899e+01
1.041804810719149899e+01
1.041804810719149899e+01
1.041804810719149899e+01
1.041804810719149899e+01
1.041804810719149899e+01
1.041804810719149899e+01
1.041804810719149899e+01
1.041804810719149899e+01
1.041804810719149899e+01
1.041804810719149899e+01
1.041804810719149899e+01
1.041804810719149899e+01
1.041804810719149899e+01
1.041804810719149899e+01
1.041804810719149899e+01
1.041804810719149899e+01
1.041804810719149899e+01
1.041743944885598339e+01
1.041804810719149899e+01
1.041804810719149899e+01
1.041804810719149899e+01
1.041804810719149899e+01
1.042012308217787186e+01
1.041804810719149899e+01
1.041804810719149899e+01
1.042077860557150792e+01
1.043292650437000901e+01
1.041754930293269865e+01
1.041804810719149899e+01
1.041716171075178110e+01
1.042999989876690847e+01
1.041853149986528493e+01
1.041739550264630410e+01
1.041698868331279115e+01
1.041727728113057871e+01
1.041804810719149899e+01
1.043103310254065264e+01
1.041804810719149899e+01
1.042857506693008851e+01
1.041357751569913503e+01
1.040491103153423147e+01
1.042157358293035685e+01
1.041748146284963639e+01
1.041804810719149899e+01
1.041804810719149899e+01
1.041595638645228838e+01
1.041728133622262575e+01
1.041601689933203012e+01
1.041804810719149899e+01
1.041804810719149899e+01
1.041975578206624142e+01
1.041804810719149899e+01
1.041804810719149899e+01
1.041804810719149899e+01
1.025171074041629282e+01
1.041804810719149899e+01
1.041804810719149899e+01
1.041804810719149899e+01
1.041804810719149899e+01
1.041804810719149899e+01
1.041804810719149899e+01
1.041804810719149899e+01
1.043343289701488530e+01
1.041804810719149899e+01
1.041804810719149899e+01
1.032043208028771986e+01
1.041804810719149899e+01
1.041804810719149899e+01
1.041743447415628587e+01
1.041804810719149899e+01
1.041804810719149899e+01
1.041869400266404000e+01
1.041804810719149899e+01
1.041804810719149899e+01
1.041804810719149899e+01
1.041804810719149899e+01
1.041804810719149899e+01
1.041804810719149899e+01
1.041804810719149899e+01
1.031894439397627750e+01
1.041747472828070720e+01
1.041804810719149899e+01
1.041804810719149899e+01
1.041804810719149899e+01
1.041804810719149899e+01
1.041659917880715724e+01
1.041694845109243417e+01
1.041693921618157859e+01
1.041804810719149899e+01
1.041804810719149899e+01
1.041804810719149899e+01
1.024770102398316318e+01
1.033498576557157556e+01
1.083094459053696923e+01
1.004100093767728907e+01
1.041804810719149899e+01
1.041689466371308015e+01
1.041804810719149899e+01
1.041804810719149899e+01
1.041676896933064889e+01
1.042140615691287664e+01
1.041804810719149899e+01
1.042448723357353479e+01
1.041804810719149899e+01
1.041770689794147131e+01
1.041756898315661317e+01
1.041569888862143678e+01
1.041804810719149899e+01
1.041804810719149899e+01
1.043187245447256828e+01
1.042871125997371706e+01
1.042269225429371637e+01
1.017553119115167171e+01
1.043148336118703234e+01
1.022534068023160714e+01
1.041804810719149899e+01
1.041804810719149899e+01
1.041705667954797043e+01
1.041601738967868407e+01
1.041804810719149899e+01
1.041804810719149899e+01
1.041804810719149899e+01
1.041804810719149899e+01
1.041804810719149899e+01
1.041804810719149899e+01
1.041804810719149899e+01
1.041804810719149899e+01
1.041804810719149899e+01
1.041804810719149899e+01
1.041804810719149899e+01
1.041804810719149899e+01
1.041804810719149899e+01
1.041804810719149899e+01
1.041804810719149899e+01
1.041804810719149899e+01
1.041804810719149899e+01
1.041804810719149899e+01
1.041804810719149899e+01
1.041602888851853947e+01
1.042866316672077964e+01
1.041804810719149899e+01
1.032816952540691169e+01
1.041564172226744844e+01
1.043370397346874867e+01
1.041804810719149899e+01
1.041804810719149899e+01
1.007298964325593182e+01
1.043343152163466314e+01
1.006676036374064154e+01
1.024210774145378267e+01
1.024820018167303814e+01
1.008261501998074294e+01
1.076767590062619995e+01
1.008783576162775830e+01
1.028070071904079796e+01
1.030753537235029071e+01
1.137243112566852865e+01
1.040649166050798335e+01
1.006083886906175806e+01
1.009034806923887828e+01
1.005107841088861775e+01
1.049971660023065034e+01
1.037069071841866474e+01
1.009240940800605912e+01
1.041308622334531719e+01
1.007877630497822885e+01
1.042711220641095693e+01
1.041312325776447167e+01
1.041771177630804424e+01
1.043189109340944931e+01
1.041621929586020556e+01
1.041606557263625277e+01
1.043183281189186928e+01
1.036897323288955697e+01
1.042006184328611518e+01
1.041804810719149899e+01
1.029469648946926341e+01
1.014668015526817157e+01
1.042228293012324691e+01
1.006600413079413237e+01
1.039668388112064967e+01
1.019520094042689884e+01
1.043136184156342061e+01
1.041700039709808401e+01
1.041223438148263014e+01
1.013241940809905905e+01
1.041701658807774677e+01
1.041580937795342976e+01
1.043194240082519286e+01
1.041745033841187151e+01
1.041804810719149899e+01
1.041804810719149899e+01
1.041642591748018631e+01
1.043074941642570153e+01
1.041804810719149899e+01
1.041757451311964466e+01
1.041771421625408500e+01
1.041822584565849397e+01
1.041804810719149899e+01
1.041707091812049057e+01
1.041547283203550833e+01
1.043020962307298483e+01
1.041634471030763009e+01
1.041988847578268818e+01
1.041804810719149899e+01
1.041804810719149899e+01
1.041804810719149899e+01
1.041804810719149899e+01
1.041804810719149899e+01
1.041804810719149899e+01
1.041804810719149899e+01
1.041804810719149899e+01
1.041804810719149899e+01
1.041804810719149899e+01
1.041804810719149899e+01
1.041804810719149899e+01
1.041804810719149899e+01
1.041804810719149899e+01
1.041804810719149899e+01
1.041804810719149899e+01
1.041804810719149899e+01
1.041804810719149899e+01
1.041804810719149899e+01
1.041804810719149899e+01
1.041804810719149899e+01
1.041804810719149899e+01
1.041804810719149899e+01
1.041804810719149899e+01
1.041804810719149899e+01
1.041804810719149899e+01
1.041804810719149899e+01
1.041804810719149899e+01
1.041804810719149899e+01
1.041804810719149899e+01
1.041804810719149899e+01
1.041804810719149899e+01
1.041804810719149899e+01
1.041804810719149899e+01
1.042185187519946865e+01
1.041804810719149899e+01
1.041804810719149899e+01
1.041804810719149899e+01
1.041804810719149899e+01
1.041740775254317519e+01
1.041804810719149899e+01
1.041804810719149899e+01
1.041804810719149899e+01
1.041804810719149899e+01
1.041804810719149899e+01
1.041804810719149899e+01
1.041804810719149899e+01
1.041804810719149899e+01
1.041804810719149899e+01
1.041804810719149899e+01
1.041804810719149899e+01
1.041804810719149899e+01
1.041804810719149899e+01
1.041804810719149899e+01
1.041804810719149899e+01
1.041804810719149899e+01
1.041804810719149899e+01
1.041804810719149899e+01
1.041804810719149899e+01
1.041804810719149899e+01
1.041804810719149899e+01
1.041804810719149899e+01
1.041804810719149899e+01
1.041804810719149899e+01
1.041804810719149899e+01
1.041804810719149899e+01
1.041804810719149899e+01
1.041804810719149899e+01
1.041804810719149899e+01
1.041804810719149899e+01
1.041804810719149899e+01
1.041804810719149899e+01
1.041804810719149899e+01
1.041804810719149899e+01
1.041804810719149899e+01
1.041804810719149899e+01
1.041804810719149899e+01
1.041804810719149899e+01
1.041804810719149899e+01
1.041804810719149899e+01
1.041804810719149899e+01
1.041804810719149899e+01
1.041804810719149899e+01
1.041804810719149899e+01
1.041804810719149899e+01
1.041804810719149899e+01
1.041804810719149899e+01
1.041804810719149899e+01
1.041804810719149899e+01
1.041804810719149899e+01
1.041804810719149899e+01
1.041804810719149899e+01
1.041804810719149899e+01
1.041804810719149899e+01
1.041804810719149899e+01
1.041804810719149899e+01
1.041804810719149899e+01
1.041804810719149899e+01
1.041804810719149899e+01
1.041804810719149899e+01
1.041804810719149899e+01
1.041804810719149899e+01
1.041804810719149899e+01
1.041804810719149899e+01
1.041804810719149899e+01
1.041804810719149899e+01
1.041804810719149899e+01
1.041804810719149899e+01
1.041804810719149899e+01
1.041804810719149899e+01
1.041804810719149899e+01
1.041597347564208320e+01
1.041804810719149899e+01
1.041922285168282869e+01
1.043025154855798498e+01
1.041804810719149899e+01
1.041804810719149899e+01
1.041804810719149899e+01
1.041804810719149899e+01
1.041804810719149899e+01
1.041804810719149899e+01
1.041804810719149899e+01
1.041804810719149899e+01
1.041804810719149899e+01
1.041804810719149899e+01
1.041804810719149899e+01
1.041804810719149899e+01
1.041804810719149899e+01
1.041804810719149899e+01
1.041804810719149899e+01
1.041804810719149899e+01
1.041804810719149899e+01
1.041804810719149899e+01
1.041804810719149899e+01
1.041804810719149899e+01
1.041804810719149899e+01
1.041804810719149899e+01
1.041804810719149899e+01
1.041804810719149899e+01
1.041804810719149899e+01
1.041804810719149899e+01
1.041804810719149899e+01
1.041804810719149899e+01
1.041804810719149899e+01
1.041804810719149899e+01
1.041804810719149899e+01
1.041804810719149899e+01
1.041804810719149899e+01
1.041804810719149899e+01
1.041804810719149899e+01
1.041804810719149899e+01
1.041804810719149899e+01
1.041804810719149899e+01
1.041804810719149899e+01
1.041804810719149899e+01
1.041804810719149899e+01
1.041804810719149899e+01
1.041804810719149899e+01
1.041804810719149899e+01
1.041804810719149899e+01
1.041804810719149899e+01
1.041804810719149899e+01
1.041804810719149899e+01
1.041804810719149899e+01
1.041804810719149899e+01
1.041804810719149899e+01
1.041804810719149899e+01
1.041804810719149899e+01
1.041804810719149899e+01
1.041804810719149899e+01
1.041804810719149899e+01
1.041804810719149899e+01
1.041804810719149899e+01
1.041804810719149899e+01
1.041804810719149899e+01
1.041804810719149899e+01
1.041804810719149899e+01
1.041804810719149899e+01
1.041804810719149899e+01
1.041804810719149899e+01
1.041804810719149899e+01
1.041804810719149899e+01
1.041804810719149899e+01
1.041804810719149899e+01
1.041804810719149899e+01
1.041804810719149899e+01
1.041804810719149899e+01
1.041804810719149899e+01
1.041804810719149899e+01
1.041804810719149899e+01
1.041804810719149899e+01
1.041804810719149899e+01
1.041804810719149899e+01
1.041804810719149899e+01
1.041804810719149899e+01
1.041804810719149899e+01
1.041804810719149899e+01
1.041804810719149899e+01
1.041804810719149899e+01
1.041804810719149899e+01
1.041804810719149899e+01
1.041804810719149899e+01
1.041804810719149899e+01
1.041804810719149899e+01
1.041804810719149899e+01
1.041804810719149899e+01
1.041804810719149899e+01
1.041804810719149899e+01
1.041804810719149899e+01
1.041804810719149899e+01
1.041804810719149899e+01
1.041804810719149899e+01
1.041804810719149899e+01
1.041804810719149899e+01
1.041804810719149899e+01
1.041804810719149899e+01
1.041804810719149899e+01
1.041804810719149899e+01
1.041804810719149899e+01
1.041804810719149899e+01
1.041804810719149899e+01
1.041804810719149899e+01
1.041804810719149899e+01
1.041804810719149899e+01
1.041804810719149899e+01
1.041804810719149899e+01
1.041804810719149899e+01
1.041804810719149899e+01
1.041804810719149899e+01
1.041804810719149899e+01
1.041804810719149899e+01
1.041804810719149899e+01
1.041804810719149899e+01
1.041804810719149899e+01
1.041804810719149899e+01
1.041804810719149899e+01
1.041804810719149899e+01
1.041804810719149899e+01
1.041804810719149899e+01
1.041804810719149899e+01
1.041804810719149899e+01
1.041804810719149899e+01
1.041804810719149899e+01
1.041804810719149899e+01
1.041804810719149899e+01
1.041804810719149899e+01
1.041804810719149899e+01
1.041804810719149899e+01
1.041804810719149899e+01
1.041804810719149899e+01
1.041804810719149899e+01
1.041804810719149899e+01
1.041804810719149899e+01
1.041804810719149899e+01
1.041804810719149899e+01
1.041804810719149899e+01
1.041804810719149899e+01
1.041804810719149899e+01
1.041804810719149899e+01
1.041804810719149899e+01
1.041804810719149899e+01
1.041804810719149899e+01
1.041804810719149899e+01
1.041804810719149899e+01
1.041804810719149899e+01
1.041804810719149899e+01
1.041804810719149899e+01
1.041804810719149899e+01
1.041804810719149899e+01
1.041804810719149899e+01
1.041804810719149899e+01
1.041804810719149899e+01
1.041804810719149899e+01
1.041804810719149899e+01
1.041804810719149899e+01
1.041804810719149899e+01
1.041804810719149899e+01
1.041804810719149899e+01
1.041804810719149899e+01
1.041804810719149899e+01
1.041804810719149899e+01
1.041804810719149899e+01
1.041804810719149899e+01
1.041804810719149899e+01
1.041804810719149899e+01
1.041804810719149899e+01
1.041804810719149899e+01
1.041804810719149899e+01
1.041804810719149899e+01
1.041804810719149899e+01
1.041804810719149899e+01
1.041804810719149899e+01
1.041804810719149899e+01
1.041804810719149899e+01
1.041804810719149899e+01
1.041804810719149899e+01
1.041804810719149899e+01
1.041804810719149899e+01
1.041804810719149899e+01
1.041804810719149899e+01
1.041804810719149899e+01
1.041804810719149899e+01
1.041804810719149899e+01
1.041804810719149899e+01
1.041804810719149899e+01
1.041804810719149899e+01
1.041804810719149899e+01
1.041804810719149899e+01
1.041804810719149899e+01
1.041804810719149899e+01
1.041804810719149899e+01
1.041804810719149899e+01
1.041804810719149899e+01
1.041804810719149899e+01
1.041804810719149899e+01
1.041804810719149899e+01
1.041804810719149899e+01
1.041804810719149899e+01
1.041804810719149899e+01
1.041804810719149899e+01
1.041804810719149899e+01
1.041804810719149899e+01
1.041804810719149899e+01
1.041804810719149899e+01
1.041804810719149899e+01
1.041804810719149899e+01
1.041804810719149899e+01
1.041804810719149899e+01
1.041804810719149899e+01
1.041804810719149899e+01
1.041804810719149899e+01
1.041804810719149899e+01
1.041804810719149899e+01
1.041804810719149899e+01
1.041804810719149899e+01
1.041804810719149899e+01
1.041804810719149899e+01
1.041804810719149899e+01
1.041804810719149899e+01
1.041804810719149899e+01
1.041804810719149899e+01
1.041804810719149899e+01
1.041804810719149899e+01
1.041804810719149899e+01
1.041804810719149899e+01
1.041804810719149899e+01
1.041804810719149899e+01
1.041804810719149899e+01
1.041804810719149899e+01
1.041804810719149899e+01
1.041804810719149899e+01
1.041804810719149899e+01
1.041804810719149899e+01
1.041804810719149899e+01
1.041804810719149899e+01
1.041804810719149899e+01
1.041804810719149899e+01
1.041804810719149899e+01
1.041804810719149899e+01
1.041804810719149899e+01
1.041804810719149899e+01
1.041804810719149899e+01
1.041804810719149899e+01
1.041804810719149899e+01
1.041804810719149899e+01
1.041804810719149899e+01
1.041804810719149899e+01
1.041804810719149899e+01
1.041804810719149899e+01
1.041804810719149899e+01
1.041804810719149899e+01
1.041804810719149899e+01
1.041804810719149899e+01
1.041804810719149899e+01
1.041804810719149899e+01
1.041804810719149899e+01
1.041804810719149899e+01
1.041804810719149899e+01
1.041804810719149899e+01
1.041804810719149899e+01
1.041804810719149899e+01
1.041804810719149899e+01
1.041804810719149899e+01
1.041804810719149899e+01
1.041804810719149899e+01
1.041804810719149899e+01
1.041804810719149899e+01
1.041804810719149899e+01
1.041804810719149899e+01
1.041804810719149899e+01
1.041804810719149899e+01
1.041804810719149899e+01
1.041804810719149899e+01
1.041804810719149899e+01
1.041804810719149899e+01
1.041804810719149899e+01
1.041804810719149899e+01
1.041804810719149899e+01
1.041804810719149899e+01
1.041804810719149899e+01
1.041804810719149899e+01
1.041804810719149899e+01
1.041804810719149899e+01
1.041804810719149899e+01
1.041804810719149899e+01
1.041804810719149899e+01
1.041804810719149899e+01
1.041804810719149899e+01
1.041804810719149899e+01
1.041804810719149899e+01
1.041804810719149899e+01
1.041804810719149899e+01
1.041804810719149899e+01
1.041804810719149899e+01
1.041804810719149899e+01
1.041804810719149899e+01
1.041804810719149899e+01
1.041804810719149899e+01
1.041804810719149899e+01
1.041804810719149899e+01
1.041804810719149899e+01
1.041804810719149899e+01
1.041804810719149899e+01
1.041804810719149899e+01
1.041804810719149899e+01
1.041804810719149899e+01
1.041804810719149899e+01
1.041804810719149899e+01
1.041804810719149899e+01
1.041804810719149899e+01
1.041804810719149899e+01
1.041804810719149899e+01
1.041804810719149899e+01
1.041804810719149899e+01
1.041804810719149899e+01
1.041804810719149899e+01
1.041804810719149899e+01
1.041804810719149899e+01
1.041804810719149899e+01
1.041804810719149899e+01
1.041804810719149899e+01
1.041804810719149899e+01
1.041804810719149899e+01
1.041804810719149899e+01
1.041804810719149899e+01
1.041804810719149899e+01
1.041804810719149899e+01
1.041804810719149899e+01
1.041804810719149899e+01
1.041804810719149899e+01
1.041804810719149899e+01
1.041804810719149899e+01
1.041804810719149899e+01
1.041804810719149899e+01
1.041804810719149899e+01
1.041804810719149899e+01
1.041804810719149899e+01
1.041804810719149899e+01
1.041804810719149899e+01
1.041804810719149899e+01
1.041804810719149899e+01
1.041804810719149899e+01
1.041804810719149899e+01
1.041804810719149899e+01
1.041804810719149899e+01
1.041804810719149899e+01
1.041804810719149899e+01
1.041804810719149899e+01
1.041804810719149899e+01
1.041804810719149899e+01
1.041804810719149899e+01
1.041804810719149899e+01
1.041804810719149899e+01
1.041804810719149899e+01
1.041804810719149899e+01
1.041804810719149899e+01
1.041804810719149899e+01
1.041804810719149899e+01
1.041804810719149899e+01
1.041804810719149899e+01
1.041804810719149899e+01
1.041804810719149899e+01
1.041804810719149899e+01
1.041804810719149899e+01
1.041804810719149899e+01
1.041804810719149899e+01
1.041804810719149899e+01
1.041804810719149899e+01
1.041804810719149899e+01
1.041804810719149899e+01
1.041804810719149899e+01
1.041804810719149899e+01
1.041804810719149899e+01
1.041804810719149899e+01
1.041804810719149899e+01
1.041804810719149899e+01
1.041804810719149899e+01
1.041804810719149899e+01
1.041804810719149899e+01
1.041804810719149899e+01
1.041804810719149899e+01
1.041804810719149899e+01
1.041804810719149899e+01
1.041804810719149899e+01
1.041804810719149899e+01
1.041804810719149899e+01
1.041804810719149899e+01
1.041804810719149899e+01
1.041804810719149899e+01
1.041804810719149899e+01
1.041804810719149899e+01
1.041804810719149899e+01
1.041804810719149899e+01
1.041804810719149899e+01
1.041804810719149899e+01
1.041804810719149899e+01
1.041804810719149899e+01
1.041804810719149899e+01
1.041804810719149899e+01
1.041804810719149899e+01
1.041804810719149899e+01
1.041804810719149899e+01
1.041804810719149899e+01
1.041804810719149899e+01
1.041804810719149899e+01
1.041804810719149899e+01
1.041804810719149899e+01
1.041804810719149899e+01
1.041804810719149899e+01
1.041804810719149899e+01
1.041804810719149899e+01
1.041804810719149899e+01
1.041804810719149899e+01
1.041804810719149899e+01
1.041804810719149899e+01
1.041804810719149899e+01
1.041804810719149899e+01
1.041804810719149899e+01
1.041804810719149899e+01
1.041804810719149899e+01
1.041804810719149899e+01
1.041804810719149899e+01
1.041804810719149899e+01
1.041804810719149899e+01
1.041804810719149899e+01
1.041804810719149899e+01
1.041804810719149899e+01
1.041804810719149899e+01
1.041804810719149899e+01
1.041804810719149899e+01
1.041804810719149899e+01
1.041804810719149899e+01
1.041804810719149899e+01
1.041804810719149899e+01
1.041804810719149899e+01
1.041804810719149899e+01
1.041804810719149899e+01
1.041804810719149899e+01
1.041804810719149899e+01
1.041804810719149899e+01
1.041804810719149899e+01
1.041804810719149899e+01
1.041804810719149899e+01
1.041804810719149899e+01
1.041804810719149899e+01
1.041804810719149899e+01
1.041804810719149899e+01
1.041804810719149899e+01
1.041804810719149899e+01
1.041804810719149899e+01
1.041804810719149899e+01
1.041804810719149899e+01
1.041804810719149899e+01
1.041804810719149899e+01
1.041804810719149899e+01
1.041804810719149899e+01
1.041804810719149899e+01
1.041804810719149899e+01
1.041804810719149899e+01
1.041804810719149899e+01
1.041804810719149899e+01
1.041804810719149899e+01
1.041804810719149899e+01
1.041804810719149899e+01
1.041804810719149899e+01
1.041804810719149899e+01
1.041804810719149899e+01
1.041804810719149899e+01
1.041804810719149899e+01
1.041804810719149899e+01
1.041804810719149899e+01
1.041804810719149899e+01
1.041804810719149899e+01
1.041804810719149899e+01
1.041804810719149899e+01
1.041804810719149899e+01
1.041804810719149899e+01
1.041804810719149899e+01
1.041804810719149899e+01
1.041804810719149899e+01
1.041804810719149899e+01
1.041804810719149899e+01
1.041804810719149899e+01
1.041804810719149899e+01
1.041804810719149899e+01
1.041804810719149899e+01
1.041804810719149899e+01
1.041804810719149899e+01
1.041804810719149899e+01
1.041804810719149899e+01
1.041804810719149899e+01
1.041804810719149899e+01
1.041804810719149899e+01
1.041804810719149899e+01
1.041804810719149899e+01
1.041804810719149899e+01
1.041804810719149899e+01
1.041804810719149899e+01
1.041804810719149899e+01
1.041804810719149899e+01
1.041804810719149899e+01
1.041804810719149899e+01
1.041804810719149899e+01
1.041804810719149899e+01
1.041804810719149899e+01
1.041804810719149899e+01
1.041804810719149899e+01
1.041804810719149899e+01
1.041804810719149899e+01
1.041804810719149899e+01
1.041804810719149899e+01
1.041804810719149899e+01
1.041804810719149899e+01
1.041804810719149899e+01
1.041804810719149899e+01
1.041804810719149899e+01
1.041804810719149899e+01
1.041804810719149899e+01
1.041804810719149899e+01
1.041804810719149899e+01
1.041804810719149899e+01
1.041804810719149899e+01
1.041804810719149899e+01
1.041804810719149899e+01
1.041804810719149899e+01
1.041804810719149899e+01
1.041804810719149899e+01
1.041804810719149899e+01
1.041804810719149899e+01
1.041804810719149899e+01
1.041804810719149899e+01
1.041804810719149899e+01
1.041804810719149899e+01
1.041804810719149899e+01
1.041804810719149899e+01
1.041804810719149899e+01
1.041804810719149899e+01
1.041804810719149899e+01
1.041804810719149899e+01
1.041804810719149899e+01
1.041804810719149899e+01
1.041752111425800642e+01
1.041804810719149899e+01
1.041668140420243738e+01
1.043016578011098439e+01
1.043299855192388037e+01
1.041755141343154989e+01
1.041804810719149899e+01
1.041804810719149899e+01
1.041804810719149899e+01
1.041804810719149899e+01
1.041804810719149899e+01
1.041803364698153622e+01
1.041804810719149899e+01
1.041774493837881543e+01
1.041804810719149899e+01
1.041804810719149899e+01
1.041804810719149899e+01
1.041804810719149899e+01
1.041804810719149899e+01
1.041804810719149899e+01
1.041804810719149899e+01
1.041804810719149899e+01
1.041804810719149899e+01
1.041804810719149899e+01
1.041690985109639556e+01
1.043378990123962780e+01
1.041536674212473557e+01
1.041804810719149899e+01
1.041804810719149899e+01
1.041804810719149899e+01
1.041804810719149899e+01
1.041567241017858692e+01
1.041760228463095039e+01
1.041534018297681996e+01
1.042005846081381826e+01
1.043038390392578840e+01
1.041716358750355909e+01
1.041623770423311335e+01
1.042285485527668598e+01
1.043140141726785330e+01
1.043217226442133772e+01
1.041748296737382518e+01
1.041850649745646606e+01
1.041628899926088891e+01
1.041579312177435668e+01
1.042600175086870351e+01
1.042949588801337946e+01
1.043357090229516970e+01
1.041312254972466533e+01
1.043063196080101207e+01
1.034983126233708717e+01
1.034764073282735453e+01
1.043218438822483840e+01
1.041804810719149899e+01
1.041804810719149899e+01
1.043069501247488695e+01
1.041852888425743373e+01
1.009656322897973624e+01
1.014231075661231429e+01
1.041804810719149899e+01
1.041804810719149899e+01
1.041920940045417510e+01
1.041641968571814303e+01
1.041804810719149899e+01
1.041804810719149899e+01
1.041804810719149899e+01
1.041804810719149899e+01
1.042856952881653854e+01
1.041952556474396019e+01
1.041804810719149899e+01
1.041804810719149899e+01
1.041804810719149899e+01
1.041773495697513319e+01
1.041804810719149899e+01
1.041804810719149899e+01
1.041804810719149899e+01
1.041610630578230356e+01
1.041804810719149899e+01
1.041804810719149899e+01
1.041804810719149899e+01
1.041804810719149899e+01
1.041594913574201797e+01
1.041664759589866129e+01
1.041804810719149899e+01
1.041804810719149899e+01
1.041804810719149899e+01
1.041804810719149899e+01
1.041635587683726527e+01
1.041668342110941481e+01
1.041804810719149899e+01
1.041804810719149899e+01
1.041804810719149899e+01
1.041607244077047412e+01
1.042305784240053512e+01
1.035425382671612127e+01
1.020454390445507364e+01
1.005190812548424262e+01
1.042323167462791034e+01
1.041576377290810207e+01
1.041804810719149899e+01
1.041804810719149899e+01
1.037617530536952870e+01
1.008588719422996149e+01
1.006736242186517671e+01
1.013833245044534159e+01
1.041804810719149899e+01
1.041804810719149899e+01
1.013968674405387915e+01
1.007675330914691614e+01
1.026577235985267933e+01
1.009145092402679111e+01
1.050893118167523355e+01
1.081527151566974965e+01
1.050459058292150871e+01
1.126747204855455387e+01
1.186017443594039023e+01
1.081926447217456655e+01
1.023137335792967306e+01
1.036816647958307591e+01
1.191540921374712525e+01
1.294277376113445932e+01
1.207702782814806852e+01
1.339985362908862143e+01
1.177373756894180090e+01
1.229105836748168912e+01
1.328672802773629158e+01
1.131833194118589248e+01
1.358677874016067477e+01
1.306698441297589852e+01
1.351929166699977714e+01
1.354791058448339847e+01
1.350237746261685956e+01
1.359004419150014620e+01
1.196360746046328138e+01
1.019776611942629252e+01
1.330902461999298048e+01
1.210124004166883616e+01
1.339243098712763036e+01
1.348735215848058822e+01
1.052098428346119086e+01
1.038254443716989606e+01
1.243696296339792795e+01
1.237645153815469712e+01
1.339015105924076288e+01
1.354729271112696765e+01
1.214717460964040541e+01
1.106779058539341420e+01
1.357587535440942084e+01
1.358911793066044638e+01
1.358138852408283803e+01
1.344797670841051129e+01
1.358933623694457538e+01
1.349575529106785510e+01
1.346943461271213849e+01
1.336049168898663275e+01
1.332585751795264528e+01
1.237802613120770800e+01
1.262119260710758795e+01
1.272321964979562736e+01
1.175300122588543239e+01
1.240706085583696350e+01
1.050663700347083562e+01
1.078995124927040195e+01
1.263283336738311569e+01
1.163530076000941627e+01
1.140614639393696095e+01
1.024802498977219756e+01
1.180115965438566583e+01
1.083114702448131439e+01
1.077613011400154619e+01
1.054059402452870486e+01
1.012462954778116142e+01
1.060879058491818761e+01
1.006217188031446064e+01
1.005284906865287375e+01
1.018033142027979387e+01
1.023602535855505025e+01
1.005896963651978204e+01
1.015628788947218553e+01
1.020336830039663489e+01
1.003887913154935418e+01
1.008797733498063565e+01
1.022311293978692248e+01
1.041804810719149899e+01
1.041804810719149899e+01
1.041804810719149899e+01
1.041804810719149899e+01
1.041606428798897532e+01
1.041690255486175509e+01
1.041591965145986975e+01
1.043043245858165591e+01
1.042560263042234325e+01
1.031336509835788107e+01
1.041804810719149899e+01
1.041804810719149899e+01
1.041804810719149899e+01
1.041804810719149899e+01
1.041804810719149899e+01
1.041804810719149899e+01
1.041804810719149899e+01
1.041804810719149899e+01
1.041804810719149899e+01
1.041804810719149899e+01
1.041804810719149899e+01
1.041804810719149899e+01
1.041804810719149899e+01
1.041804810719149899e+01
1.041804810719149899e+01
1.041804810719149899e+01
1.041804810719149899e+01
1.041804810719149899e+01
1.041804810719149899e+01
1.041804810719149899e+01
1.041804810719149899e+01
1.041804810719149899e+01
1.041804810719149899e+01
1.041804810719149899e+01
1.041804810719149899e+01
1.041804810719149899e+01
1.041804810719149899e+01
1.041804810719149899e+01
1.041804810719149899e+01
1.041804810719149899e+01
1.041804810719149899e+01
1.041804810719149899e+01
1.041804810719149899e+01
1.041804810719149899e+01
1.041804810719149899e+01
1.041804810719149899e+01
1.041804810719149899e+01
1.041804810719149899e+01
1.041804810719149899e+01
1.041804810719149899e+01
1.041804810719149899e+01
1.041804810719149899e+01
1.041804810719149899e+01
1.041804810719149899e+01
1.041804810719149899e+01
1.041804810719149899e+01
1.041804810719149899e+01
1.041804810719149899e+01
1.041804810719149899e+01
1.041804810719149899e+01
1.041804810719149899e+01
1.041804810719149899e+01
1.041804810719149899e+01
1.041804810719149899e+01
1.041804810719149899e+01
1.041804810719149899e+01
1.041804810719149899e+01
1.041804810719149899e+01
1.041804810719149899e+01
1.041804810719149899e+01
1.041804810719149899e+01
1.041804810719149899e+01
1.041804810719149899e+01
1.041804810719149899e+01
1.041804810719149899e+01
1.041804810719149899e+01
1.041804810719149899e+01
1.041804810719149899e+01
1.041804810719149899e+01
1.041804810719149899e+01
1.041804810719149899e+01
1.041804810719149899e+01
1.041804810719149899e+01
1.041804810719149899e+01
1.041804810719149899e+01
1.041804810719149899e+01
1.041804810719149899e+01
1.041804810719149899e+01
1.041804810719149899e+01
1.041804810719149899e+01
1.041804810719149899e+01
1.041804810719149899e+01
1.041804810719149899e+01
1.041804810719149899e+01
1.041804810719149899e+01
1.041804810719149899e+01
1.041804810719149899e+01
1.041804810719149899e+01
1.041804810719149899e+01
1.041804810719149899e+01
1.041804810719149899e+01
1.041804810719149899e+01
1.041804810719149899e+01
1.041804810719149899e+01
1.041804810719149899e+01
1.041804810719149899e+01
1.041804810719149899e+01
1.041804810719149899e+01
1.041804810719149899e+01
1.041804810719149899e+01
1.041804810719149899e+01
1.041804810719149899e+01
1.041804810719149899e+01
1.041804810719149899e+01
1.041804810719149899e+01
1.041804810719149899e+01
1.041804810719149899e+01
1.041804810719149899e+01
1.041804810719149899e+01
1.041804810719149899e+01
1.041804810719149899e+01
1.041804810719149899e+01
1.041804810719149899e+01
1.041804810719149899e+01
1.041804810719149899e+01
1.041804810719149899e+01
1.041804810719149899e+01
1.041804810719149899e+01
1.041804810719149899e+01
1.041804810719149899e+01
1.041804810719149899e+01
1.041804810719149899e+01
1.041804810719149899e+01
1.041804810719149899e+01
1.041804810719149899e+01
1.041804810719149899e+01
1.041804810719149899e+01
1.041804810719149899e+01
1.041804810719149899e+01
1.041804810719149899e+01
1.041804810719149899e+01
1.041804810719149899e+01
1.041804810719149899e+01
1.041804810719149899e+01
1.041804810719149899e+01
1.041804810719149899e+01
1.041804810719149899e+01
1.041804810719149899e+01
1.041804810719149899e+01
1.041804810719149899e+01
1.041804810719149899e+01
1.041804810719149899e+01
1.041804810719149899e+01
1.041804810719149899e+01
1.041804810719149899e+01
1.041804810719149899e+01
1.041804810719149899e+01
1.041804810719149899e+01
1.041804810719149899e+01
1.041804810719149899e+01
1.041804810719149899e+01
1.041804810719149899e+01
1.041804810719149899e+01
1.041804810719149899e+01
1.041804810719149899e+01
1.041804810719149899e+01
1.041804810719149899e+01
1.041804810719149899e+01
1.041804810719149899e+01
1.041804810719149899e+01
1.041804810719149899e+01
1.041804810719149899e+01
1.041804810719149899e+01
1.041804810719149899e+01
1.041804810719149899e+01
1.041804810719149899e+01
1.041804810719149899e+01
1.041804810719149899e+01
1.041804810719149899e+01
1.041804810719149899e+01
1.041804810719149899e+01
1.041804810719149899e+01
1.041804810719149899e+01
1.041804810719149899e+01
1.041804810719149899e+01
1.041804810719149899e+01
1.041804810719149899e+01
1.041804810719149899e+01
1.041804810719149899e+01
1.041804810719149899e+01
1.041804810719149899e+01
1.041804810719149899e+01
1.041804810719149899e+01
1.041804810719149899e+01
1.041804810719149899e+01
1.041804810719149899e+01
1.041804810719149899e+01
1.041804810719149899e+01
1.041804810719149899e+01
1.041804810719149899e+01
1.041804810719149899e+01
1.041804810719149899e+01
1.041804810719149899e+01
1.041804810719149899e+01
1.041804810719149899e+01
1.041804810719149899e+01
1.041804810719149899e+01
1.041804810719149899e+01
1.041804810719149899e+01
1.041804810719149899e+01
1.041804810719149899e+01
1.041804810719149899e+01
1.041804810719149899e+01
1.041804810719149899e+01
1.041804810719149899e+01
1.041804810719149899e+01
1.041804810719149899e+01
1.041804810719149899e+01
1.041804810719149899e+01
1.041804810719149899e+01
1.041804810719149899e+01
1.041804810719149899e+01
1.041804810719149899e+01
1.041804810719149899e+01
1.041804810719149899e+01
1.041804810719149899e+01
1.041804810719149899e+01
1.041804810719149899e+01
1.041804810719149899e+01
1.041804810719149899e+01
1.041804810719149899e+01
1.041804810719149899e+01
1.041804810719149899e+01
1.041804810719149899e+01
1.041804810719149899e+01
1.005602812844881555e+01
1.005490212307517872e+01
1.041804810719149899e+01
1.041804810719149899e+01
1.035320502852687596e+01
1.048993923995869260e+01
1.004517766511786903e+01
1.041804810719149899e+01
1.041804810719149899e+01
1.041804810719149899e+01
1.041804810719149899e+01
1.041804810719149899e+01
1.041804810719149899e+01
1.041804810719149899e+01
1.041804810719149899e+01
1.041804810719149899e+01
1.041804810719149899e+01
1.041804810719149899e+01
1.041804810719149899e+01
1.041804810719149899e+01
1.041804810719149899e+01
1.041804810719149899e+01
1.041804810719149899e+01
1.041804810719149899e+01
1.041804810719149899e+01
1.041804810719149899e+01
1.041804810719149899e+01
1.041804810719149899e+01
1.041804810719149899e+01
1.041804810719149899e+01
1.041804810719149899e+01
1.041804810719149899e+01
1.041804810719149899e+01
1.041804810719149899e+01
1.041804810719149899e+01
1.041804810719149899e+01
1.041804810719149899e+01
1.041804810719149899e+01
1.041804810719149899e+01
1.041804810719149899e+01
1.041804810719149899e+01
1.041804810719149899e+01
1.041804810719149899e+01
